[0m[ INFO] [1587247086.769251996]: Started Node: efk_singleBlock[0m
[0m[ INFO] [1587247086.769292760]: Started Node: efk_singleBlock[0m
===========
>>> Prediction Step
Predicted states = 
     0
     0
1.5708
     0
     0
Predicted variances = 
       0.05           0           0 3.40282e+38 3.40282e+38
          0        0.05           0 3.40282e+38 3.40282e+38
          0           0        0.05 3.40282e+38 3.40282e+38
3.40282e+38 3.40282e+38 3.40282e+38 3.40282e+38 3.40282e+38
3.40282e+38 3.40282e+38 3.40282e+38 3.40282e+38 3.40282e+38
>>> Correction Step
===========
>>> Prediction Step
Predicted states = 
     0
     0
1.5708
     0
     0
Predicted variances = 
       0.05           0           0 3.40282e+38 3.40282e+38
          0        0.05           0 3.40282e+38 3.40282e+38
          0           0        0.05 3.40282e+38 3.40282e+38
3.40282e+38 3.40282e+38 3.40282e+38 3.40282e+38 3.40282e+38
3.40282e+38 3.40282e+38 3.40282e+38 3.40282e+38 3.40282e+38
>>> Correction Step
===========
>>> Prediction Step
Predicted states = 
     0
     0
1.5708
     0
     0
Predicted variances = 
       0.05           0           0 3.40282e+38 3.40282e+38
          0        0.05           0 3.40282e+38 3.40282e+38
          0           0        0.05 3.40282e+38 3.40282e+38
3.40282e+38 3.40282e+38 3.40282e+38 3.40282e+38 3.40282e+38
3.40282e+38 3.40282e+38 3.40282e+38 3.40282e+38 3.40282e+38
>>> Correction Step
===========
>>> Prediction Step
Predicted states = 
     0
     0
1.5708
     0
     0
Predicted variances = 
       0.05           0           0 3.40282e+38 3.40282e+38
          0        0.05           0 3.40282e+38 3.40282e+38
          0           0        0.05 3.40282e+38 3.40282e+38
3.40282e+38 3.40282e+38 3.40282e+38 3.40282e+38 3.40282e+38
3.40282e+38 3.40282e+38 3.40282e+38 3.40282e+38 3.40282e+38
>>> Correction Step
===========
>>> Prediction Step
Predicted states = 
     0
     0
1.5708
     0
     0
Predicted variances = 
       0.05           0           0 3.40282e+38 3.40282e+38
          0        0.05           0 3.40282e+38 3.40282e+38
          0           0        0.05 3.40282e+38 3.40282e+38
3.40282e+38 3.40282e+38 3.40282e+38 3.40282e+38 3.40282e+38
3.40282e+38 3.40282e+38 3.40282e+38 3.40282e+38 3.40282e+38
>>> Correction Step
===========
>>> Prediction Step
Predicted states = 
     0
     0
1.5708
     0
     0
Predicted variances = 
       0.05           0           0 3.40282e+38 3.40282e+38
          0        0.05           0 3.40282e+38 3.40282e+38
          0           0        0.05 3.40282e+38 3.40282e+38
3.40282e+38 3.40282e+38 3.40282e+38 3.40282e+38 3.40282e+38
3.40282e+38 3.40282e+38 3.40282e+38 3.40282e+38 3.40282e+38
>>> Correction Step
===========
>>> Prediction Step
Predicted states = 
     0
     0
1.5708
     0
     0
Predicted variances = 
       0.05           0           0 3.40282e+38 3.40282e+38
          0        0.05           0 3.40282e+38 3.40282e+38
          0           0        0.05 3.40282e+38 3.40282e+38
3.40282e+38 3.40282e+38 3.40282e+38 3.40282e+38 3.40282e+38
3.40282e+38 3.40282e+38 3.40282e+38 3.40282e+38 3.40282e+38
>>> Correction Step
===========
>>> Prediction Step
Predicted states = 
     0
     0
1.5708
     0
     0
Predicted variances = 
       0.05           0           0 3.40282e+38 3.40282e+38
          0        0.05           0 3.40282e+38 3.40282e+38
          0           0        0.05 3.40282e+38 3.40282e+38
3.40282e+38 3.40282e+38 3.40282e+38 3.40282e+38 3.40282e+38
3.40282e+38 3.40282e+38 3.40282e+38 3.40282e+38 3.40282e+38
>>> Correction Step
===========
>>> Prediction Step
Predicted states = 
     0
     0
1.5708
     0
     0
Predicted variances = 
       0.05           0           0 3.40282e+38 3.40282e+38
          0        0.05           0 3.40282e+38 3.40282e+38
          0           0        0.05 3.40282e+38 3.40282e+38
3.40282e+38 3.40282e+38 3.40282e+38 3.40282e+38 3.40282e+38
3.40282e+38 3.40282e+38 3.40282e+38 3.40282e+38 3.40282e+38
>>> Correction Step
===========
>>> Prediction Step
Predicted states = 
     0
     0
1.5708
     0
     0
Predicted variances = 
       0.05           0           0 3.40282e+38 3.40282e+38
          0        0.05           0 3.40282e+38 3.40282e+38
          0           0        0.05 3.40282e+38 3.40282e+38
3.40282e+38 3.40282e+38 3.40282e+38 3.40282e+38 3.40282e+38
3.40282e+38 3.40282e+38 3.40282e+38 3.40282e+38 3.40282e+38
>>> Correction Step
===========
>>> Prediction Step
Predicted states = 
     0
     0
1.5708
     0
     0
Predicted variances = 
       0.05           0           0 3.40282e+38 3.40282e+38
          0        0.05           0 3.40282e+38 3.40282e+38
          0           0        0.05 3.40282e+38 3.40282e+38
3.40282e+38 3.40282e+38 3.40282e+38 3.40282e+38 3.40282e+38
3.40282e+38 3.40282e+38 3.40282e+38 3.40282e+38 3.40282e+38
>>> Correction Step
===========
>>> Prediction Step
Predicted states = 
     0
     0
1.5708
     0
     0
Predicted variances = 
       0.05           0           0 3.40282e+38 3.40282e+38
          0        0.05           0 3.40282e+38 3.40282e+38
          0           0        0.05 3.40282e+38 3.40282e+38
3.40282e+38 3.40282e+38 3.40282e+38 3.40282e+38 3.40282e+38
3.40282e+38 3.40282e+38 3.40282e+38 3.40282e+38 3.40282e+38
>>> Correction Step
===========
>>> Prediction Step
Predicted states = 
     0
     0
1.5708
     0
     0
Predicted variances = 
       0.05           0           0 3.40282e+38 3.40282e+38
          0        0.05           0 3.40282e+38 3.40282e+38
          0           0        0.05 3.40282e+38 3.40282e+38
3.40282e+38 3.40282e+38 3.40282e+38 3.40282e+38 3.40282e+38
3.40282e+38 3.40282e+38 3.40282e+38 3.40282e+38 3.40282e+38
>>> Correction Step
===========
>>> Prediction Step
Predicted states = 
     0
     0
1.5708
     0
     0
Predicted variances = 
       0.05           0           0 3.40282e+38 3.40282e+38
          0        0.05           0 3.40282e+38 3.40282e+38
          0           0        0.05 3.40282e+38 3.40282e+38
3.40282e+38 3.40282e+38 3.40282e+38 3.40282e+38 3.40282e+38
3.40282e+38 3.40282e+38 3.40282e+38 3.40282e+38 3.40282e+38
>>> Correction Step
===========
>>> Prediction Step
Predicted states = 
     0
     0
1.5708
     0
     0
Predicted variances = 
       0.05           0           0 3.40282e+38 3.40282e+38
          0        0.05           0 3.40282e+38 3.40282e+38
          0           0        0.05 3.40282e+38 3.40282e+38
3.40282e+38 3.40282e+38 3.40282e+38 3.40282e+38 3.40282e+38
3.40282e+38 3.40282e+38 3.40282e+38 3.40282e+38 3.40282e+38
>>> Correction Step
===========
>>> Prediction Step
Predicted states = 
     0
     0
1.5708
     0
     0
Predicted variances = 
       0.05           0           0 3.40282e+38 3.40282e+38
          0        0.05           0 3.40282e+38 3.40282e+38
          0           0        0.05 3.40282e+38 3.40282e+38
3.40282e+38 3.40282e+38 3.40282e+38 3.40282e+38 3.40282e+38
3.40282e+38 3.40282e+38 3.40282e+38 3.40282e+38 3.40282e+38
>>> Correction Step
===========
>>> Prediction Step
Predicted states = 
     0
     0
1.5708
     0
     0
Predicted variances = 
       0.05           0           0 3.40282e+38 3.40282e+38
          0        0.05           0 3.40282e+38 3.40282e+38
          0           0        0.05 3.40282e+38 3.40282e+38
3.40282e+38 3.40282e+38 3.40282e+38 3.40282e+38 3.40282e+38
3.40282e+38 3.40282e+38 3.40282e+38 3.40282e+38 3.40282e+38
>>> Correction Step
===========
>>> Prediction Step
Predicted states = 
     0
     0
1.5708
     0
     0
Predicted variances = 
       0.05           0           0 3.40282e+38 3.40282e+38
          0        0.05           0 3.40282e+38 3.40282e+38
          0           0        0.05 3.40282e+38 3.40282e+38
3.40282e+38 3.40282e+38 3.40282e+38 3.40282e+38 3.40282e+38
3.40282e+38 3.40282e+38 3.40282e+38 3.40282e+38 3.40282e+38
>>> Correction Step
===========
>>> Prediction Step
Predicted states = 
     0
     0
1.5708
     0
     0
Predicted variances = 
       0.05           0           0 3.40282e+38 3.40282e+38
          0        0.05           0 3.40282e+38 3.40282e+38
          0           0        0.05 3.40282e+38 3.40282e+38
3.40282e+38 3.40282e+38 3.40282e+38 3.40282e+38 3.40282e+38
3.40282e+38 3.40282e+38 3.40282e+38 3.40282e+38 3.40282e+38
>>> Correction Step
===========
>>> Prediction Step
Predicted states = 
     0
     0
1.5708
     0
     0
Predicted variances = 
       0.05           0           0 3.40282e+38 3.40282e+38
          0        0.05           0 3.40282e+38 3.40282e+38
          0           0        0.05 3.40282e+38 3.40282e+38
3.40282e+38 3.40282e+38 3.40282e+38 3.40282e+38 3.40282e+38
3.40282e+38 3.40282e+38 3.40282e+38 3.40282e+38 3.40282e+38
>>> Correction Step
===========
>>> Prediction Step
Predicted states = 
     0
     0
1.5708
     0
     0
Predicted variances = 
       0.05           0           0 3.40282e+38 3.40282e+38
          0        0.05           0 3.40282e+38 3.40282e+38
          0           0        0.05 3.40282e+38 3.40282e+38
3.40282e+38 3.40282e+38 3.40282e+38 3.40282e+38 3.40282e+38
3.40282e+38 3.40282e+38 3.40282e+38 3.40282e+38 3.40282e+38
>>> Correction Step
===========
>>> Prediction Step
Predicted states = 
     0
     0
1.5708
     0
     0
Predicted variances = 
       0.05           0           0 3.40282e+38 3.40282e+38
          0        0.05           0 3.40282e+38 3.40282e+38
          0           0        0.05 3.40282e+38 3.40282e+38
3.40282e+38 3.40282e+38 3.40282e+38 3.40282e+38 3.40282e+38
3.40282e+38 3.40282e+38 3.40282e+38 3.40282e+38 3.40282e+38
>>> Correction Step
===========
>>> Prediction Step
Predicted states = 
     0
     0
1.5708
     0
     0
Predicted variances = 
       0.05           0           0 3.40282e+38 3.40282e+38
          0        0.05           0 3.40282e+38 3.40282e+38
          0           0        0.05 3.40282e+38 3.40282e+38
3.40282e+38 3.40282e+38 3.40282e+38 3.40282e+38 3.40282e+38
3.40282e+38 3.40282e+38 3.40282e+38 3.40282e+38 3.40282e+38
>>> Correction Step
===========
>>> Prediction Step
Predicted states = 
     0
     0
1.5708
     0
     0
Predicted variances = 
       0.05           0           0 3.40282e+38 3.40282e+38
          0        0.05           0 3.40282e+38 3.40282e+38
          0           0        0.05 3.40282e+38 3.40282e+38
3.40282e+38 3.40282e+38 3.40282e+38 3.40282e+38 3.40282e+38
3.40282e+38 3.40282e+38 3.40282e+38 3.40282e+38 3.40282e+38
>>> Correction Step
===========
>>> Prediction Step
Predicted states = 
     0
     0
1.5708
     0
     0
Predicted variances = 
       0.05           0           0 3.40282e+38 3.40282e+38
          0        0.05           0 3.40282e+38 3.40282e+38
          0           0        0.05 3.40282e+38 3.40282e+38
3.40282e+38 3.40282e+38 3.40282e+38 3.40282e+38 3.40282e+38
3.40282e+38 3.40282e+38 3.40282e+38 3.40282e+38 3.40282e+38
>>> Correction Step
===========
>>> Prediction Step
Predicted states = 
     0
     0
1.5708
     0
     0
Predicted variances = 
       0.05           0           0 3.40282e+38 3.40282e+38
          0        0.05           0 3.40282e+38 3.40282e+38
          0           0        0.05 3.40282e+38 3.40282e+38
3.40282e+38 3.40282e+38 3.40282e+38 3.40282e+38 3.40282e+38
3.40282e+38 3.40282e+38 3.40282e+38 3.40282e+38 3.40282e+38
>>> Correction Step
===========
>>> Prediction Step
Predicted states = 
     0
     0
1.5708
     0
     0
Predicted variances = 
       0.05           0           0 3.40282e+38 3.40282e+38
          0        0.05           0 3.40282e+38 3.40282e+38
          0           0        0.05 3.40282e+38 3.40282e+38
3.40282e+38 3.40282e+38 3.40282e+38 3.40282e+38 3.40282e+38
3.40282e+38 3.40282e+38 3.40282e+38 3.40282e+38 3.40282e+38
>>> Correction Step
===========
>>> Prediction Step
Predicted states = 
     0
     0
1.5708
     0
     0
Predicted variances = 
       0.05           0           0 3.40282e+38 3.40282e+38
          0        0.05           0 3.40282e+38 3.40282e+38
          0           0        0.05 3.40282e+38 3.40282e+38
3.40282e+38 3.40282e+38 3.40282e+38 3.40282e+38 3.40282e+38
3.40282e+38 3.40282e+38 3.40282e+38 3.40282e+38 3.40282e+38
>>> Correction Step
===========
>>> Prediction Step
Predicted states = 
     0
     0
1.5708
     0
     0
Predicted variances = 
       0.05           0           0 3.40282e+38 3.40282e+38
          0        0.05           0 3.40282e+38 3.40282e+38
          0           0        0.05 3.40282e+38 3.40282e+38
3.40282e+38 3.40282e+38 3.40282e+38 3.40282e+38 3.40282e+38
3.40282e+38 3.40282e+38 3.40282e+38 3.40282e+38 3.40282e+38
>>> Correction Step
===========
>>> Prediction Step
Predicted states = 
     0
     0
1.5708
     0
     0
Predicted variances = 
       0.05           0           0 3.40282e+38 3.40282e+38
          0        0.05           0 3.40282e+38 3.40282e+38
          0           0        0.05 3.40282e+38 3.40282e+38
3.40282e+38 3.40282e+38 3.40282e+38 3.40282e+38 3.40282e+38
3.40282e+38 3.40282e+38 3.40282e+38 3.40282e+38 3.40282e+38
>>> Correction Step
===========
>>> Prediction Step
Predicted states = 
     0
     0
1.5708
     0
     0
Predicted variances = 
       0.05           0           0 3.40282e+38 3.40282e+38
          0        0.05           0 3.40282e+38 3.40282e+38
          0           0        0.05 3.40282e+38 3.40282e+38
3.40282e+38 3.40282e+38 3.40282e+38 3.40282e+38 3.40282e+38
3.40282e+38 3.40282e+38 3.40282e+38 3.40282e+38 3.40282e+38
>>> Correction Step
===========
>>> Prediction Step
Predicted states = 
     0
     0
1.5708
     0
     0
Predicted variances = 
       0.05           0           0 3.40282e+38 3.40282e+38
          0        0.05           0 3.40282e+38 3.40282e+38
          0           0        0.05 3.40282e+38 3.40282e+38
3.40282e+38 3.40282e+38 3.40282e+38 3.40282e+38 3.40282e+38
3.40282e+38 3.40282e+38 3.40282e+38 3.40282e+38 3.40282e+38
>>> Correction Step
===========
>>> Prediction Step
Predicted states = 
     0
     0
1.5708
     0
     0
Predicted variances = 
       0.05           0           0 3.40282e+38 3.40282e+38
          0        0.05           0 3.40282e+38 3.40282e+38
          0           0        0.05 3.40282e+38 3.40282e+38
3.40282e+38 3.40282e+38 3.40282e+38 3.40282e+38 3.40282e+38
3.40282e+38 3.40282e+38 3.40282e+38 3.40282e+38 3.40282e+38
>>> Correction Step
===========
>>> Prediction Step
Predicted states = 
     0
     0
1.5708
     0
     0
Predicted variances = 
       0.05           0           0 3.40282e+38 3.40282e+38
          0        0.05           0 3.40282e+38 3.40282e+38
          0           0        0.05 3.40282e+38 3.40282e+38
3.40282e+38 3.40282e+38 3.40282e+38 3.40282e+38 3.40282e+38
3.40282e+38 3.40282e+38 3.40282e+38 3.40282e+38 3.40282e+38
>>> Correction Step
Predicted states before correction step = 
     0
     0
1.5708
     0
     0
Predicted variances before correction step = 
       0.05           0           0 3.40282e+38 3.40282e+38
          0        0.05           0 3.40282e+38 3.40282e+38
          0           0        0.05 3.40282e+38 3.40282e+38
3.40282e+38 3.40282e+38 3.40282e+38 3.40282e+38 3.40282e+38
3.40282e+38 3.40282e+38 3.40282e+38 3.40282e+38 3.40282e+38
stateIdx = 3
ONE TIME STATES
        0
        0
   1.5708
-0.562643
  0.03698
delx, dely and q = 
-0.562643
0.03698
0.317935
z and zHat = 
0.563857
 1.50517
0.563857
 1.50517
Fxj = 
1 0 0 0 0
0 1 0 0 0
0 0 1 0 0
0 0 0 1 0
0 0 0 0 1
HFxj = 
  0.997847 -0.0655839          0  -0.997847  0.0655839
  0.116313    1.76968    -3.1453  -0.116313   -1.76968
K = 
 0.643191 -0.317935
 0.643191 -0.317935
 0.643191 -0.317935
-0.429468 -0.317935
-0.429468 -0.317935
Corrected states and variances
-7.05957e-17
-7.05957e-17
      1.5708
   -0.562643
     0.03698
-1.13337e+23 -1.13337e+23 -1.13337e+23 -7.55579e+22 -7.55579e+22
-1.13337e+23 -1.13337e+23 -1.13337e+23 -7.55579e+22 -7.55579e+22
-1.13337e+23 -1.13337e+23 -1.13337e+23 -7.55579e+22 -7.55579e+22
 7.55579e+22  7.55579e+22  7.55579e+22  3.77789e+22  3.77789e+22
 7.55579e+22  7.55579e+22  7.55579e+22  3.77789e+22  3.77789e+22
===========
>>> Prediction Step
Predicted states = 
-7.05957e-17
-7.05957e-17
      1.5708
   -0.562643
     0.03698
Predicted variances = 
-1.13337e+23 -1.13337e+23 -1.13337e+23 -7.55579e+22 -7.55579e+22
-1.13337e+23 -1.13337e+23 -1.13337e+23 -7.55579e+22 -7.55579e+22
-1.13337e+23 -1.13337e+23 -1.13337e+23 -7.55579e+22 -7.55579e+22
 7.55579e+22  7.55579e+22  7.55579e+22  3.77789e+22  3.77789e+22
 7.55579e+22  7.55579e+22  7.55579e+22  3.77789e+22  3.77789e+22
>>> Correction Step
===========
>>> Prediction Step
Predicted states = 
-7.05957e-17
-7.05957e-17
      1.5708
   -0.562643
     0.03698
Predicted variances = 
-1.13337e+23 -1.13337e+23 -1.13337e+23 -7.55579e+22 -7.55579e+22
-1.13337e+23 -1.13337e+23 -1.13337e+23 -7.55579e+22 -7.55579e+22
-1.13337e+23 -1.13337e+23 -1.13337e+23 -7.55579e+22 -7.55579e+22
 7.55579e+22  7.55579e+22  7.55579e+22  3.77789e+22  3.77789e+22
 7.55579e+22  7.55579e+22  7.55579e+22  3.77789e+22  3.77789e+22
>>> Correction Step
===========
>>> Prediction Step
Predicted states = 
-7.05957e-17
-7.05957e-17
      1.5708
   -0.562643
     0.03698
Predicted variances = 
-1.13337e+23 -1.13337e+23 -1.13337e+23 -7.55579e+22 -7.55579e+22
-1.13337e+23 -1.13337e+23 -1.13337e+23 -7.55579e+22 -7.55579e+22
-1.13337e+23 -1.13337e+23 -1.13337e+23 -7.55579e+22 -7.55579e+22
 7.55579e+22  7.55579e+22  7.55579e+22  3.77789e+22  3.77789e+22
 7.55579e+22  7.55579e+22  7.55579e+22  3.77789e+22  3.77789e+22
>>> Correction Step
===========
>>> Prediction Step
Predicted states = 
-7.05957e-17
-7.05957e-17
      1.5708
   -0.562643
     0.03698
Predicted variances = 
-1.13337e+23 -1.13337e+23 -1.13337e+23 -7.55579e+22 -7.55579e+22
-1.13337e+23 -1.13337e+23 -1.13337e+23 -7.55579e+22 -7.55579e+22
-1.13337e+23 -1.13337e+23 -1.13337e+23 -7.55579e+22 -7.55579e+22
 7.55579e+22  7.55579e+22  7.55579e+22  3.77789e+22  3.77789e+22
 7.55579e+22  7.55579e+22  7.55579e+22  3.77789e+22  3.77789e+22
>>> Correction Step
===========
>>> Prediction Step
Predicted states = 
-7.05957e-17
-7.05957e-17
      1.5708
   -0.562643
     0.03698
Predicted variances = 
-1.13337e+23 -1.13337e+23 -1.13337e+23 -7.55579e+22 -7.55579e+22
-1.13337e+23 -1.13337e+23 -1.13337e+23 -7.55579e+22 -7.55579e+22
-1.13337e+23 -1.13337e+23 -1.13337e+23 -7.55579e+22 -7.55579e+22
 7.55579e+22  7.55579e+22  7.55579e+22  3.77789e+22  3.77789e+22
 7.55579e+22  7.55579e+22  7.55579e+22  3.77789e+22  3.77789e+22
>>> Correction Step
===========
>>> Prediction Step
Predicted states = 
-7.05957e-17
-7.05957e-17
      1.5708
   -0.562643
     0.03698
Predicted variances = 
-1.13337e+23 -1.13337e+23 -1.13337e+23 -7.55579e+22 -7.55579e+22
-1.13337e+23 -1.13337e+23 -1.13337e+23 -7.55579e+22 -7.55579e+22
-1.13337e+23 -1.13337e+23 -1.13337e+23 -7.55579e+22 -7.55579e+22
 7.55579e+22  7.55579e+22  7.55579e+22  3.77789e+22  3.77789e+22
 7.55579e+22  7.55579e+22  7.55579e+22  3.77789e+22  3.77789e+22
>>> Correction Step
===========
>>> Prediction Step
Predicted states = 
-7.05957e-17
-7.05957e-17
      1.5708
   -0.562643
     0.03698
Predicted variances = 
-1.13337e+23 -1.13337e+23 -1.13337e+23 -7.55579e+22 -7.55579e+22
-1.13337e+23 -1.13337e+23 -1.13337e+23 -7.55579e+22 -7.55579e+22
-1.13337e+23 -1.13337e+23 -1.13337e+23 -7.55579e+22 -7.55579e+22
 7.55579e+22  7.55579e+22  7.55579e+22  3.77789e+22  3.77789e+22
 7.55579e+22  7.55579e+22  7.55579e+22  3.77789e+22  3.77789e+22
>>> Correction Step
===========
>>> Prediction Step
Predicted states = 
-7.05957e-17
-7.05957e-17
      1.5708
   -0.562643
     0.03698
Predicted variances = 
-1.13337e+23 -1.13337e+23 -1.13337e+23 -7.55579e+22 -7.55579e+22
-1.13337e+23 -1.13337e+23 -1.13337e+23 -7.55579e+22 -7.55579e+22
-1.13337e+23 -1.13337e+23 -1.13337e+23 -7.55579e+22 -7.55579e+22
 7.55579e+22  7.55579e+22  7.55579e+22  3.77789e+22  3.77789e+22
 7.55579e+22  7.55579e+22  7.55579e+22  3.77789e+22  3.77789e+22
>>> Correction Step
===========
>>> Prediction Step
Predicted states = 
-7.05957e-17
-7.05957e-17
      1.5708
   -0.562643
     0.03698
Predicted variances = 
-1.13337e+23 -1.13337e+23 -1.13337e+23 -7.55579e+22 -7.55579e+22
-1.13337e+23 -1.13337e+23 -1.13337e+23 -7.55579e+22 -7.55579e+22
-1.13337e+23 -1.13337e+23 -1.13337e+23 -7.55579e+22 -7.55579e+22
 7.55579e+22  7.55579e+22  7.55579e+22  3.77789e+22  3.77789e+22
 7.55579e+22  7.55579e+22  7.55579e+22  3.77789e+22  3.77789e+22
>>> Correction Step
===========
>>> Prediction Step
Predicted states = 
-7.05957e-17
-7.05957e-17
      1.5708
   -0.562643
     0.03698
Predicted variances = 
-1.13337e+23 -1.13337e+23 -1.13337e+23 -7.55579e+22 -7.55579e+22
-1.13337e+23 -1.13337e+23 -1.13337e+23 -7.55579e+22 -7.55579e+22
-1.13337e+23 -1.13337e+23 -1.13337e+23 -7.55579e+22 -7.55579e+22
 7.55579e+22  7.55579e+22  7.55579e+22  3.77789e+22  3.77789e+22
 7.55579e+22  7.55579e+22  7.55579e+22  3.77789e+22  3.77789e+22
>>> Correction Step
===========
>>> Prediction Step
Predicted states = 
-7.05957e-17
-7.05957e-17
      1.5708
   -0.562643
     0.03698
Predicted variances = 
-1.13337e+23 -1.13337e+23 -1.13337e+23 -7.55579e+22 -7.55579e+22
-1.13337e+23 -1.13337e+23 -1.13337e+23 -7.55579e+22 -7.55579e+22
-1.13337e+23 -1.13337e+23 -1.13337e+23 -7.55579e+22 -7.55579e+22
 7.55579e+22  7.55579e+22  7.55579e+22  3.77789e+22  3.77789e+22
 7.55579e+22  7.55579e+22  7.55579e+22  3.77789e+22  3.77789e+22
>>> Correction Step
===========
>>> Prediction Step
Predicted states = 
-7.05957e-17
-7.05957e-17
      1.5708
   -0.562643
     0.03698
Predicted variances = 
-1.13337e+23 -1.13337e+23 -1.13337e+23 -7.55579e+22 -7.55579e+22
-1.13337e+23 -1.13337e+23 -1.13337e+23 -7.55579e+22 -7.55579e+22
-1.13337e+23 -1.13337e+23 -1.13337e+23 -7.55579e+22 -7.55579e+22
 7.55579e+22  7.55579e+22  7.55579e+22  3.77789e+22  3.77789e+22
 7.55579e+22  7.55579e+22  7.55579e+22  3.77789e+22  3.77789e+22
>>> Correction Step
===========
>>> Prediction Step
Predicted states = 
-7.05957e-17
-7.05957e-17
      1.5708
   -0.562643
     0.03698
Predicted variances = 
-1.13337e+23 -1.13337e+23 -1.13337e+23 -7.55579e+22 -7.55579e+22
-1.13337e+23 -1.13337e+23 -1.13337e+23 -7.55579e+22 -7.55579e+22
-1.13337e+23 -1.13337e+23 -1.13337e+23 -7.55579e+22 -7.55579e+22
 7.55579e+22  7.55579e+22  7.55579e+22  3.77789e+22  3.77789e+22
 7.55579e+22  7.55579e+22  7.55579e+22  3.77789e+22  3.77789e+22
>>> Correction Step
===========
>>> Prediction Step
Predicted states = 
-7.05957e-17
-7.05957e-17
      1.5708
   -0.562643
     0.03698
Predicted variances = 
-1.13337e+23 -1.13337e+23 -1.13337e+23 -7.55579e+22 -7.55579e+22
-1.13337e+23 -1.13337e+23 -1.13337e+23 -7.55579e+22 -7.55579e+22
-1.13337e+23 -1.13337e+23 -1.13337e+23 -7.55579e+22 -7.55579e+22
 7.55579e+22  7.55579e+22  7.55579e+22  3.77789e+22  3.77789e+22
 7.55579e+22  7.55579e+22  7.55579e+22  3.77789e+22  3.77789e+22
>>> Correction Step
===========
>>> Prediction Step
Predicted states = 
-7.05957e-17
-7.05957e-17
      1.5708
   -0.562643
     0.03698
Predicted variances = 
-1.13337e+23 -1.13337e+23 -1.13337e+23 -7.55579e+22 -7.55579e+22
-1.13337e+23 -1.13337e+23 -1.13337e+23 -7.55579e+22 -7.55579e+22
-1.13337e+23 -1.13337e+23 -1.13337e+23 -7.55579e+22 -7.55579e+22
 7.55579e+22  7.55579e+22  7.55579e+22  3.77789e+22  3.77789e+22
 7.55579e+22  7.55579e+22  7.55579e+22  3.77789e+22  3.77789e+22
>>> Correction Step
===========
>>> Prediction Step
Predicted states = 
-7.05957e-17
-7.05957e-17
      1.5708
   -0.562643
     0.03698
Predicted variances = 
-1.13337e+23 -1.13337e+23 -1.13337e+23 -7.55579e+22 -7.55579e+22
-1.13337e+23 -1.13337e+23 -1.13337e+23 -7.55579e+22 -7.55579e+22
-1.13337e+23 -1.13337e+23 -1.13337e+23 -7.55579e+22 -7.55579e+22
 7.55579e+22  7.55579e+22  7.55579e+22  3.77789e+22  3.77789e+22
 7.55579e+22  7.55579e+22  7.55579e+22  3.77789e+22  3.77789e+22
>>> Correction Step
===========
>>> Prediction Step
Predicted states = 
-7.05957e-17
-7.05957e-17
      1.5708
   -0.562643
     0.03698
Predicted variances = 
-1.13337e+23 -1.13337e+23 -1.13337e+23 -7.55579e+22 -7.55579e+22
-1.13337e+23 -1.13337e+23 -1.13337e+23 -7.55579e+22 -7.55579e+22
-1.13337e+23 -1.13337e+23 -1.13337e+23 -7.55579e+22 -7.55579e+22
 7.55579e+22  7.55579e+22  7.55579e+22  3.77789e+22  3.77789e+22
 7.55579e+22  7.55579e+22  7.55579e+22  3.77789e+22  3.77789e+22
>>> Correction Step
===========
>>> Prediction Step
Predicted states = 
-7.05957e-17
-7.05957e-17
      1.5708
   -0.562643
     0.03698
Predicted variances = 
-1.13337e+23 -1.13337e+23 -1.13337e+23 -7.55579e+22 -7.55579e+22
-1.13337e+23 -1.13337e+23 -1.13337e+23 -7.55579e+22 -7.55579e+22
-1.13337e+23 -1.13337e+23 -1.13337e+23 -7.55579e+22 -7.55579e+22
 7.55579e+22  7.55579e+22  7.55579e+22  3.77789e+22  3.77789e+22
 7.55579e+22  7.55579e+22  7.55579e+22  3.77789e+22  3.77789e+22
>>> Correction Step
===========
>>> Prediction Step
Predicted states = 
-7.05957e-17
-7.05957e-17
      1.5708
   -0.562643
     0.03698
Predicted variances = 
-1.13337e+23 -1.13337e+23 -1.13337e+23 -7.55579e+22 -7.55579e+22
-1.13337e+23 -1.13337e+23 -1.13337e+23 -7.55579e+22 -7.55579e+22
-1.13337e+23 -1.13337e+23 -1.13337e+23 -7.55579e+22 -7.55579e+22
 7.55579e+22  7.55579e+22  7.55579e+22  3.77789e+22  3.77789e+22
 7.55579e+22  7.55579e+22  7.55579e+22  3.77789e+22  3.77789e+22
>>> Correction Step
===========
>>> Prediction Step
Predicted states = 
-7.05957e-17
-7.05957e-17
      1.5708
   -0.562643
     0.03698
Predicted variances = 
-1.13337e+23 -1.13337e+23 -1.13337e+23 -7.55579e+22 -7.55579e+22
-1.13337e+23 -1.13337e+23 -1.13337e+23 -7.55579e+22 -7.55579e+22
-1.13337e+23 -1.13337e+23 -1.13337e+23 -7.55579e+22 -7.55579e+22
 7.55579e+22  7.55579e+22  7.55579e+22  3.77789e+22  3.77789e+22
 7.55579e+22  7.55579e+22  7.55579e+22  3.77789e+22  3.77789e+22
>>> Correction Step
Predicted states before correction step = 
-7.05957e-17
-7.05957e-17
      1.5708
   -0.562643
     0.03698
Predicted variances before correction step = 
-1.13337e+23 -1.13337e+23 -1.13337e+23 -7.55579e+22 -7.55579e+22
-1.13337e+23 -1.13337e+23 -1.13337e+23 -7.55579e+22 -7.55579e+22
-1.13337e+23 -1.13337e+23 -1.13337e+23 -7.55579e+22 -7.55579e+22
 7.55579e+22  7.55579e+22  7.55579e+22  3.77789e+22  3.77789e+22
 7.55579e+22  7.55579e+22  7.55579e+22  3.77789e+22  3.77789e+22
stateIdx = 3
delx, dely and q = 
-0.562643
0.03698
0.317935
z and zHat = 
0.562338
 1.50517
0.563857
 1.50517
Fxj = 
1 0 0 0 0
0 1 0 0 0
0 0 1 0 0
0 0 0 1 0
0 0 0 0 1
HFxj = 
  0.997847 -0.0655839          0  -0.997847  0.0655839
  0.116313    1.76968    -3.1453  -0.116313   -1.76968
K = 
 0.643191 -0.317935
 0.643191 -0.317935
 0.643191 -0.317935
-0.429468 -0.317935
-0.429468 -0.317935
Corrected states and variances
-0.000977298
-0.000977298
     1.56982
   -0.561991
   0.0376325
 8.38861e+06  8.38861e+06  8.38861e+06   4.1943e+06   4.1943e+06
-8.38861e+06 -8.38861e+06 -8.38861e+06   4.1943e+06   4.1943e+06
 8.38861e+06  8.38861e+06  8.38861e+06  1.25829e+07  1.25829e+07
-1.67772e+07 -1.67772e+07 -1.67772e+07 -8.38861e+06 -8.38861e+06
-1.67772e+07 -1.67772e+07 -1.67772e+07 -8.38861e+06 -8.38861e+06
===========
>>> Prediction Step
Predicted states = 
-0.000977298
-0.000977298
     1.56982
   -0.561991
   0.0376325
Predicted variances = 
 8.38861e+06  8.38861e+06  8.38861e+06   4.1943e+06   4.1943e+06
-8.38861e+06 -8.38861e+06 -8.38861e+06   4.1943e+06   4.1943e+06
 8.38861e+06  8.38861e+06  8.38861e+06  1.25829e+07  1.25829e+07
-1.67772e+07 -1.67772e+07 -1.67772e+07 -8.38861e+06 -8.38861e+06
-1.67772e+07 -1.67772e+07 -1.67772e+07 -8.38861e+06 -8.38861e+06
>>> Correction Step
===========
>>> Prediction Step
Predicted states = 
-0.000977298
-0.000977298
     1.56982
   -0.561991
   0.0376325
Predicted variances = 
 8.38861e+06  8.38861e+06  8.38861e+06   4.1943e+06   4.1943e+06
-8.38861e+06 -8.38861e+06 -8.38861e+06   4.1943e+06   4.1943e+06
 8.38861e+06  8.38861e+06  8.38861e+06  1.25829e+07  1.25829e+07
-1.67772e+07 -1.67772e+07 -1.67772e+07 -8.38861e+06 -8.38861e+06
-1.67772e+07 -1.67772e+07 -1.67772e+07 -8.38861e+06 -8.38861e+06
>>> Correction Step
===========
>>> Prediction Step
Predicted states = 
-0.000977298
-0.000977298
     1.56982
   -0.561991
   0.0376325
Predicted variances = 
 8.38861e+06  8.38861e+06  8.38861e+06   4.1943e+06   4.1943e+06
-8.38861e+06 -8.38861e+06 -8.38861e+06   4.1943e+06   4.1943e+06
 8.38861e+06  8.38861e+06  8.38861e+06  1.25829e+07  1.25829e+07
-1.67772e+07 -1.67772e+07 -1.67772e+07 -8.38861e+06 -8.38861e+06
-1.67772e+07 -1.67772e+07 -1.67772e+07 -8.38861e+06 -8.38861e+06
>>> Correction Step
===========
>>> Prediction Step
Predicted states = 
-0.000977298
-0.000977298
     1.56982
   -0.561991
   0.0376325
Predicted variances = 
 8.38861e+06  8.38861e+06  8.38861e+06   4.1943e+06   4.1943e+06
-8.38861e+06 -8.38861e+06 -8.38861e+06   4.1943e+06   4.1943e+06
 8.38861e+06  8.38861e+06  8.38861e+06  1.25829e+07  1.25829e+07
-1.67772e+07 -1.67772e+07 -1.67772e+07 -8.38861e+06 -8.38861e+06
-1.67772e+07 -1.67772e+07 -1.67772e+07 -8.38861e+06 -8.38861e+06
>>> Correction Step
===========
>>> Prediction Step
Predicted states = 
-0.000977298
-0.000977298
     1.56982
   -0.561991
   0.0376325
Predicted variances = 
 8.38861e+06  8.38861e+06  8.38861e+06   4.1943e+06   4.1943e+06
-8.38861e+06 -8.38861e+06 -8.38861e+06   4.1943e+06   4.1943e+06
 8.38861e+06  8.38861e+06  8.38861e+06  1.25829e+07  1.25829e+07
-1.67772e+07 -1.67772e+07 -1.67772e+07 -8.38861e+06 -8.38861e+06
-1.67772e+07 -1.67772e+07 -1.67772e+07 -8.38861e+06 -8.38861e+06
>>> Correction Step
===========
>>> Prediction Step
Predicted states = 
-0.000977298
-0.000977298
     1.56982
   -0.561991
   0.0376325
Predicted variances = 
 8.38861e+06  8.38861e+06  8.38861e+06   4.1943e+06   4.1943e+06
-8.38861e+06 -8.38861e+06 -8.38861e+06   4.1943e+06   4.1943e+06
 8.38861e+06  8.38861e+06  8.38861e+06  1.25829e+07  1.25829e+07
-1.67772e+07 -1.67772e+07 -1.67772e+07 -8.38861e+06 -8.38861e+06
-1.67772e+07 -1.67772e+07 -1.67772e+07 -8.38861e+06 -8.38861e+06
>>> Correction Step
===========
>>> Prediction Step
Predicted states = 
-0.000977298
-0.000977298
     1.56982
   -0.561991
   0.0376325
Predicted variances = 
 8.38861e+06  8.38861e+06  8.38861e+06   4.1943e+06   4.1943e+06
-8.38861e+06 -8.38861e+06 -8.38861e+06   4.1943e+06   4.1943e+06
 8.38861e+06  8.38861e+06  8.38861e+06  1.25829e+07  1.25829e+07
-1.67772e+07 -1.67772e+07 -1.67772e+07 -8.38861e+06 -8.38861e+06
-1.67772e+07 -1.67772e+07 -1.67772e+07 -8.38861e+06 -8.38861e+06
>>> Correction Step
===========
>>> Prediction Step
Predicted states = 
-0.000977298
-0.000977298
     1.56982
   -0.561991
   0.0376325
Predicted variances = 
 8.38861e+06  8.38861e+06  8.38861e+06   4.1943e+06   4.1943e+06
-8.38861e+06 -8.38861e+06 -8.38861e+06   4.1943e+06   4.1943e+06
 8.38861e+06  8.38861e+06  8.38861e+06  1.25829e+07  1.25829e+07
-1.67772e+07 -1.67772e+07 -1.67772e+07 -8.38861e+06 -8.38861e+06
-1.67772e+07 -1.67772e+07 -1.67772e+07 -8.38861e+06 -8.38861e+06
>>> Correction Step
===========
>>> Prediction Step
Predicted states = 
-0.000977298
-0.000977298
     1.56982
   -0.561991
   0.0376325
Predicted variances = 
 8.38861e+06  8.38861e+06  8.38861e+06   4.1943e+06   4.1943e+06
-8.38861e+06 -8.38861e+06 -8.38861e+06   4.1943e+06   4.1943e+06
 8.38861e+06  8.38861e+06  8.38861e+06  1.25829e+07  1.25829e+07
-1.67772e+07 -1.67772e+07 -1.67772e+07 -8.38861e+06 -8.38861e+06
-1.67772e+07 -1.67772e+07 -1.67772e+07 -8.38861e+06 -8.38861e+06
>>> Correction Step
===========
>>> Prediction Step
Predicted states = 
-0.000977298
-0.000977298
     1.56982
   -0.561991
   0.0376325
Predicted variances = 
 8.38861e+06  8.38861e+06  8.38861e+06   4.1943e+06   4.1943e+06
-8.38861e+06 -8.38861e+06 -8.38861e+06   4.1943e+06   4.1943e+06
 8.38861e+06  8.38861e+06  8.38861e+06  1.25829e+07  1.25829e+07
-1.67772e+07 -1.67772e+07 -1.67772e+07 -8.38861e+06 -8.38861e+06
-1.67772e+07 -1.67772e+07 -1.67772e+07 -8.38861e+06 -8.38861e+06
>>> Correction Step
===========
>>> Prediction Step
Predicted states = 
-0.000977298
-0.000977298
     1.56982
   -0.561991
   0.0376325
Predicted variances = 
 8.38861e+06  8.38861e+06  8.38861e+06   4.1943e+06   4.1943e+06
-8.38861e+06 -8.38861e+06 -8.38861e+06   4.1943e+06   4.1943e+06
 8.38861e+06  8.38861e+06  8.38861e+06  1.25829e+07  1.25829e+07
-1.67772e+07 -1.67772e+07 -1.67772e+07 -8.38861e+06 -8.38861e+06
-1.67772e+07 -1.67772e+07 -1.67772e+07 -8.38861e+06 -8.38861e+06
>>> Correction Step
===========
>>> Prediction Step
Predicted states = 
-0.000977298
-0.000977298
     1.56982
   -0.561991
   0.0376325
Predicted variances = 
 8.38861e+06  8.38861e+06  8.38861e+06   4.1943e+06   4.1943e+06
-8.38861e+06 -8.38861e+06 -8.38861e+06   4.1943e+06   4.1943e+06
 8.38861e+06  8.38861e+06  8.38861e+06  1.25829e+07  1.25829e+07
-1.67772e+07 -1.67772e+07 -1.67772e+07 -8.38861e+06 -8.38861e+06
-1.67772e+07 -1.67772e+07 -1.67772e+07 -8.38861e+06 -8.38861e+06
>>> Correction Step
===========
>>> Prediction Step
Predicted states = 
-0.000977298
-0.000977298
     1.56982
   -0.561991
   0.0376325
Predicted variances = 
 8.38861e+06  8.38861e+06  8.38861e+06   4.1943e+06   4.1943e+06
-8.38861e+06 -8.38861e+06 -8.38861e+06   4.1943e+06   4.1943e+06
 8.38861e+06  8.38861e+06  8.38861e+06  1.25829e+07  1.25829e+07
-1.67772e+07 -1.67772e+07 -1.67772e+07 -8.38861e+06 -8.38861e+06
-1.67772e+07 -1.67772e+07 -1.67772e+07 -8.38861e+06 -8.38861e+06
>>> Correction Step
===========
>>> Prediction Step
Predicted states = 
-0.000977298
-0.000977298
     1.56982
   -0.561991
   0.0376325
Predicted variances = 
 8.38861e+06  8.38861e+06  8.38861e+06   4.1943e+06   4.1943e+06
-8.38861e+06 -8.38861e+06 -8.38861e+06   4.1943e+06   4.1943e+06
 8.38861e+06  8.38861e+06  8.38861e+06  1.25829e+07  1.25829e+07
-1.67772e+07 -1.67772e+07 -1.67772e+07 -8.38861e+06 -8.38861e+06
-1.67772e+07 -1.67772e+07 -1.67772e+07 -8.38861e+06 -8.38861e+06
>>> Correction Step
===========
>>> Prediction Step
Predicted states = 
-0.000977298
-0.000977298
     1.56982
   -0.561991
   0.0376325
Predicted variances = 
 8.38861e+06  8.38861e+06  8.38861e+06   4.1943e+06   4.1943e+06
-8.38861e+06 -8.38861e+06 -8.38861e+06   4.1943e+06   4.1943e+06
 8.38861e+06  8.38861e+06  8.38861e+06  1.25829e+07  1.25829e+07
-1.67772e+07 -1.67772e+07 -1.67772e+07 -8.38861e+06 -8.38861e+06
-1.67772e+07 -1.67772e+07 -1.67772e+07 -8.38861e+06 -8.38861e+06
>>> Correction Step
===========
>>> Prediction Step
Predicted states = 
-0.000977298
-0.000977298
     1.56982
   -0.561991
   0.0376325
Predicted variances = 
 8.38861e+06  8.38861e+06  8.38861e+06   4.1943e+06   4.1943e+06
-8.38861e+06 -8.38861e+06 -8.38861e+06   4.1943e+06   4.1943e+06
 8.38861e+06  8.38861e+06  8.38861e+06  1.25829e+07  1.25829e+07
-1.67772e+07 -1.67772e+07 -1.67772e+07 -8.38861e+06 -8.38861e+06
-1.67772e+07 -1.67772e+07 -1.67772e+07 -8.38861e+06 -8.38861e+06
>>> Correction Step
===========
>>> Prediction Step
Predicted states = 
-0.000977298
-0.000977298
     1.56982
   -0.561991
   0.0376325
Predicted variances = 
 8.38861e+06  8.38861e+06  8.38861e+06   4.1943e+06   4.1943e+06
-8.38861e+06 -8.38861e+06 -8.38861e+06   4.1943e+06   4.1943e+06
 8.38861e+06  8.38861e+06  8.38861e+06  1.25829e+07  1.25829e+07
-1.67772e+07 -1.67772e+07 -1.67772e+07 -8.38861e+06 -8.38861e+06
-1.67772e+07 -1.67772e+07 -1.67772e+07 -8.38861e+06 -8.38861e+06
>>> Correction Step
===========
>>> Prediction Step
Predicted states = 
-0.000977298
-0.000977298
     1.56982
   -0.561991
   0.0376325
Predicted variances = 
 8.38861e+06  8.38861e+06  8.38861e+06   4.1943e+06   4.1943e+06
-8.38861e+06 -8.38861e+06 -8.38861e+06   4.1943e+06   4.1943e+06
 8.38861e+06  8.38861e+06  8.38861e+06  1.25829e+07  1.25829e+07
-1.67772e+07 -1.67772e+07 -1.67772e+07 -8.38861e+06 -8.38861e+06
-1.67772e+07 -1.67772e+07 -1.67772e+07 -8.38861e+06 -8.38861e+06
>>> Correction Step
===========
>>> Prediction Step
Predicted states = 
-0.000977298
-0.000977298
     1.56982
   -0.561991
   0.0376325
Predicted variances = 
 8.38861e+06  8.38861e+06  8.38861e+06   4.1943e+06   4.1943e+06
-8.38861e+06 -8.38861e+06 -8.38861e+06   4.1943e+06   4.1943e+06
 8.38861e+06  8.38861e+06  8.38861e+06  1.25829e+07  1.25829e+07
-1.67772e+07 -1.67772e+07 -1.67772e+07 -8.38861e+06 -8.38861e+06
-1.67772e+07 -1.67772e+07 -1.67772e+07 -8.38861e+06 -8.38861e+06
>>> Correction Step
===========
>>> Prediction Step
Predicted states = 
-0.000977298
-0.000977298
     1.56982
   -0.561991
   0.0376325
Predicted variances = 
 8.38861e+06  8.38861e+06  8.38861e+06   4.1943e+06   4.1943e+06
-8.38861e+06 -8.38861e+06 -8.38861e+06   4.1943e+06   4.1943e+06
 8.38861e+06  8.38861e+06  8.38861e+06  1.25829e+07  1.25829e+07
-1.67772e+07 -1.67772e+07 -1.67772e+07 -8.38861e+06 -8.38861e+06
-1.67772e+07 -1.67772e+07 -1.67772e+07 -8.38861e+06 -8.38861e+06
>>> Correction Step
Predicted states before correction step = 
-0.000977298
-0.000977298
     1.56982
   -0.561991
   0.0376325
Predicted variances before correction step = 
 8.38861e+06  8.38861e+06  8.38861e+06   4.1943e+06   4.1943e+06
-8.38861e+06 -8.38861e+06 -8.38861e+06   4.1943e+06   4.1943e+06
 8.38861e+06  8.38861e+06  8.38861e+06  1.25829e+07  1.25829e+07
-1.67772e+07 -1.67772e+07 -1.67772e+07 -8.38861e+06 -8.38861e+06
-1.67772e+07 -1.67772e+07 -1.67772e+07 -8.38861e+06 -8.38861e+06
stateIdx = 3
delx, dely and q = 
-0.561013
0.0386098
0.316227
z and zHat = 
0.563706
 1.50517
0.56234
1.50306
Fxj = 
1 0 0 0 0
0 1 0 0 0
0 0 1 0 0
0 0 0 1 0
0 0 0 0 1
HFxj = 
   0.99764 -0.0686591          0   -0.99764  0.0686591
  0.122095    1.77409   -3.16229  -0.122095   -1.77409
K = 
 0.336157 -0.016626
-0.583616 -0.691491
0.0886971 -0.724743
-0.672313  0.033252
-0.672313  0.033252
Corrected states and variances
-0.000553237
  -0.0032298
     1.56841
   -0.562839
   0.0367844
 0.0173758 -0.0133288 -0.0185864  0.0196451  0.0196451
  0.188674   0.264675  0.0460059   0.183057   0.183057
  0.103692   0.168284  0.0390997  0.0989181  0.0989181
0.00471544 -0.0338755 -0.0233603 0.00756762 0.00756762
0.00471545 -0.0338755 -0.0233603 0.00756763 0.00756763
===========
>>> Prediction Step
Predicted states = 
-0.000553237
  -0.0032298
     1.56841
   -0.562839
   0.0367844
Predicted variances = 
 0.0673758 -0.0133288 -0.0185864  0.0196451  0.0196451
  0.188674   0.314675  0.0460059   0.183057   0.183057
  0.103692   0.168284  0.0890997  0.0989181  0.0989181
0.00471544 -0.0338755 -0.0233603 0.00756762 0.00756762
0.00471545 -0.0338755 -0.0233603 0.00756763 0.00756763
>>> Correction Step
===========
>>> Prediction Step
Predicted states = 
-0.000553237
  -0.0032298
     1.56841
   -0.562839
   0.0367844
Predicted variances = 
 0.0673758 -0.0133288 -0.0185864  0.0196451  0.0196451
  0.188674   0.314675  0.0460059   0.183057   0.183057
  0.103692   0.168284  0.0890997  0.0989181  0.0989181
0.00471544 -0.0338755 -0.0233603 0.00756762 0.00756762
0.00471545 -0.0338755 -0.0233603 0.00756763 0.00756763
>>> Correction Step
===========
>>> Prediction Step
Predicted states = 
-0.000553237
  -0.0032298
     1.56841
   -0.562839
   0.0367844
Predicted variances = 
 0.0673758 -0.0133288 -0.0185864  0.0196451  0.0196451
  0.188674   0.314675  0.0460059   0.183057   0.183057
  0.103692   0.168284  0.0890997  0.0989181  0.0989181
0.00471544 -0.0338755 -0.0233603 0.00756762 0.00756762
0.00471545 -0.0338755 -0.0233603 0.00756763 0.00756763
>>> Correction Step
===========
>>> Prediction Step
Predicted states = 
-0.000553237
  -0.0032298
     1.56841
   -0.562839
   0.0367844
Predicted variances = 
 0.0673758 -0.0133288 -0.0185864  0.0196451  0.0196451
  0.188674   0.314675  0.0460059   0.183057   0.183057
  0.103692   0.168284  0.0890997  0.0989181  0.0989181
0.00471544 -0.0338755 -0.0233603 0.00756762 0.00756762
0.00471545 -0.0338755 -0.0233603 0.00756763 0.00756763
>>> Correction Step
===========
>>> Prediction Step
Predicted states = 
-0.000553237
  -0.0032298
     1.56841
   -0.562839
   0.0367844
Predicted variances = 
 0.0673758 -0.0133288 -0.0185864  0.0196451  0.0196451
  0.188674   0.314675  0.0460059   0.183057   0.183057
