[0m[ INFO] [1587718220.436922710]: Started Node: efk_singleBlock[0m
[0m[ INFO] [1587718220.437024581]: Started Node: efk_singleBlock[0m
INIT STATES
INF 3.40282e+38
numModelStates 3
numLandmarks 1
numTotStates 5
numComponents 2
predictedStates      0
     0
1.5708
     0
     0
states      0
     0
1.5708
     0
     0
predictedVariances           0           0           0 3.40282e+38 3.40282e+38
          0           0           0 3.40282e+38 3.40282e+38
          0           0           0 3.40282e+38 3.40282e+38
3.40282e+38 3.40282e+38 3.40282e+38 3.40282e+38 3.40282e+38
3.40282e+38 3.40282e+38 3.40282e+38 3.40282e+38 3.40282e+38
variances           0           0           0 3.40282e+38 3.40282e+38
          0           0           0 3.40282e+38 3.40282e+38
          0           0           0 3.40282e+38 3.40282e+38
3.40282e+38 3.40282e+38 3.40282e+38 3.40282e+38 3.40282e+38
3.40282e+38 3.40282e+38 3.40282e+38 3.40282e+38 3.40282e+38
Fx 1 0 0 0 0
0 1 0 0 0
0 0 1 0 0
===========
>>> Prediction Step
Predicted states = 
     0
     0
1.5708
     0
     0
Predicted variances = 
      0.005           0           0 3.40282e+38 3.40282e+38
          0       0.005           0 3.40282e+38 3.40282e+38
          0           0       0.005 3.40282e+38 3.40282e+38
3.40282e+38 3.40282e+38 3.40282e+38 3.40282e+38 3.40282e+38
3.40282e+38 3.40282e+38 3.40282e+38 3.40282e+38 3.40282e+38
>>> Correction Step
>>> States after this time step: 
     0
     0
1.5708
     0
     0
---
          0           0           0 3.40282e+38 3.40282e+38
          0           0           0 3.40282e+38 3.40282e+38
          0           0           0 3.40282e+38 3.40282e+38
3.40282e+38 3.40282e+38 3.40282e+38 3.40282e+38 3.40282e+38
3.40282e+38 3.40282e+38 3.40282e+38 3.40282e+38 3.40282e+38
===========
>>> Prediction Step
Predicted states = 
     0
     0
1.5708
     0
     0
Predicted variances = 
      0.005           0           0 3.40282e+38 3.40282e+38
          0       0.005           0 3.40282e+38 3.40282e+38
          0           0       0.005 3.40282e+38 3.40282e+38
3.40282e+38 3.40282e+38 3.40282e+38 3.40282e+38 3.40282e+38
3.40282e+38 3.40282e+38 3.40282e+38 3.40282e+38 3.40282e+38
>>> Correction Step
>>> States after this time step: 
     0
     0
1.5708
     0
     0
---
          0           0           0 3.40282e+38 3.40282e+38
          0           0           0 3.40282e+38 3.40282e+38
          0           0           0 3.40282e+38 3.40282e+38
3.40282e+38 3.40282e+38 3.40282e+38 3.40282e+38 3.40282e+38
3.40282e+38 3.40282e+38 3.40282e+38 3.40282e+38 3.40282e+38
===========
>>> Prediction Step
Predicted states = 
     0
     0
1.5708
     0
     0
Predicted variances = 
      0.005           0           0 3.40282e+38 3.40282e+38
          0       0.005           0 3.40282e+38 3.40282e+38
          0           0       0.005 3.40282e+38 3.40282e+38
3.40282e+38 3.40282e+38 3.40282e+38 3.40282e+38 3.40282e+38
3.40282e+38 3.40282e+38 3.40282e+38 3.40282e+38 3.40282e+38
>>> Correction Step
>>> States after this time step: 
     0
     0
1.5708
     0
     0
---
          0           0           0 3.40282e+38 3.40282e+38
          0           0           0 3.40282e+38 3.40282e+38
          0           0           0 3.40282e+38 3.40282e+38
3.40282e+38 3.40282e+38 3.40282e+38 3.40282e+38 3.40282e+38
3.40282e+38 3.40282e+38 3.40282e+38 3.40282e+38 3.40282e+38
===========
>>> Prediction Step
Predicted states = 
     0
     0
1.5708
     0
     0
Predicted variances = 
      0.005           0           0 3.40282e+38 3.40282e+38
          0       0.005           0 3.40282e+38 3.40282e+38
          0           0       0.005 3.40282e+38 3.40282e+38
3.40282e+38 3.40282e+38 3.40282e+38 3.40282e+38 3.40282e+38
3.40282e+38 3.40282e+38 3.40282e+38 3.40282e+38 3.40282e+38
>>> Correction Step
>>> States after this time step: 
     0
     0
1.5708
     0
     0
---
          0           0           0 3.40282e+38 3.40282e+38
          0           0           0 3.40282e+38 3.40282e+38
          0           0           0 3.40282e+38 3.40282e+38
3.40282e+38 3.40282e+38 3.40282e+38 3.40282e+38 3.40282e+38
3.40282e+38 3.40282e+38 3.40282e+38 3.40282e+38 3.40282e+38
===========
>>> Prediction Step
Predicted states = 
     0
     0
1.5708
     0
     0
Predicted variances = 
      0.005           0           0 3.40282e+38 3.40282e+38
          0       0.005           0 3.40282e+38 3.40282e+38
          0           0       0.005 3.40282e+38 3.40282e+38
3.40282e+38 3.40282e+38 3.40282e+38 3.40282e+38 3.40282e+38
3.40282e+38 3.40282e+38 3.40282e+38 3.40282e+38 3.40282e+38
>>> Correction Step
>>> States after this time step: 
     0
     0
1.5708
     0
     0
---
          0           0           0 3.40282e+38 3.40282e+38
          0           0           0 3.40282e+38 3.40282e+38
          0           0           0 3.40282e+38 3.40282e+38
3.40282e+38 3.40282e+38 3.40282e+38 3.40282e+38 3.40282e+38
3.40282e+38 3.40282e+38 3.40282e+38 3.40282e+38 3.40282e+38
===========
>>> Prediction Step
Predicted states = 
     0
     0
1.5708
     0
     0
Predicted variances = 
      0.005           0           0 3.40282e+38 3.40282e+38
          0       0.005           0 3.40282e+38 3.40282e+38
          0           0       0.005 3.40282e+38 3.40282e+38
3.40282e+38 3.40282e+38 3.40282e+38 3.40282e+38 3.40282e+38
3.40282e+38 3.40282e+38 3.40282e+38 3.40282e+38 3.40282e+38
>>> Correction Step
>>> States after this time step: 
     0
     0
1.5708
     0
     0
---
          0           0           0 3.40282e+38 3.40282e+38
          0           0           0 3.40282e+38 3.40282e+38
          0           0           0 3.40282e+38 3.40282e+38
3.40282e+38 3.40282e+38 3.40282e+38 3.40282e+38 3.40282e+38
3.40282e+38 3.40282e+38 3.40282e+38 3.40282e+38 3.40282e+38
===========
>>> Prediction Step
Predicted states = 
     0
     0
1.5708
     0
     0
Predicted variances = 
      0.005           0           0 3.40282e+38 3.40282e+38
          0       0.005           0 3.40282e+38 3.40282e+38
          0           0       0.005 3.40282e+38 3.40282e+38
3.40282e+38 3.40282e+38 3.40282e+38 3.40282e+38 3.40282e+38
3.40282e+38 3.40282e+38 3.40282e+38 3.40282e+38 3.40282e+38
>>> Correction Step
>>> States after this time step: 
     0
     0
1.5708
     0
     0
---
          0           0           0 3.40282e+38 3.40282e+38
          0           0           0 3.40282e+38 3.40282e+38
          0           0           0 3.40282e+38 3.40282e+38
3.40282e+38 3.40282e+38 3.40282e+38 3.40282e+38 3.40282e+38
3.40282e+38 3.40282e+38 3.40282e+38 3.40282e+38 3.40282e+38
===========
>>> Prediction Step
Predicted states = 
     0
     0
1.5708
     0
     0
Predicted variances = 
      0.005           0           0 3.40282e+38 3.40282e+38
          0       0.005           0 3.40282e+38 3.40282e+38
          0           0       0.005 3.40282e+38 3.40282e+38
3.40282e+38 3.40282e+38 3.40282e+38 3.40282e+38 3.40282e+38
3.40282e+38 3.40282e+38 3.40282e+38 3.40282e+38 3.40282e+38
>>> Correction Step
>>> States after this time step: 
     0
     0
1.5708
     0
     0
---
          0           0           0 3.40282e+38 3.40282e+38
          0           0           0 3.40282e+38 3.40282e+38
          0           0           0 3.40282e+38 3.40282e+38
3.40282e+38 3.40282e+38 3.40282e+38 3.40282e+38 3.40282e+38
3.40282e+38 3.40282e+38 3.40282e+38 3.40282e+38 3.40282e+38
===========
>>> Prediction Step
Predicted states = 
     0
     0
1.5708
     0
     0
Predicted variances = 
      0.005           0           0 3.40282e+38 3.40282e+38
          0       0.005           0 3.40282e+38 3.40282e+38
          0           0       0.005 3.40282e+38 3.40282e+38
3.40282e+38 3.40282e+38 3.40282e+38 3.40282e+38 3.40282e+38
3.40282e+38 3.40282e+38 3.40282e+38 3.40282e+38 3.40282e+38
>>> Correction Step
>>> States after this time step: 
     0
     0
1.5708
     0
     0
---
          0           0           0 3.40282e+38 3.40282e+38
          0           0           0 3.40282e+38 3.40282e+38
          0           0           0 3.40282e+38 3.40282e+38
3.40282e+38 3.40282e+38 3.40282e+38 3.40282e+38 3.40282e+38
3.40282e+38 3.40282e+38 3.40282e+38 3.40282e+38 3.40282e+38
===========
>>> Prediction Step
Predicted states = 
     0
     0
1.5708
     0
     0
Predicted variances = 
      0.005           0           0 3.40282e+38 3.40282e+38
          0       0.005           0 3.40282e+38 3.40282e+38
          0           0       0.005 3.40282e+38 3.40282e+38
3.40282e+38 3.40282e+38 3.40282e+38 3.40282e+38 3.40282e+38
3.40282e+38 3.40282e+38 3.40282e+38 3.40282e+38 3.40282e+38
>>> Correction Step
>>> States after this time step: 
     0
     0
1.5708
     0
     0
---
          0           0           0 3.40282e+38 3.40282e+38
          0           0           0 3.40282e+38 3.40282e+38
          0           0           0 3.40282e+38 3.40282e+38
3.40282e+38 3.40282e+38 3.40282e+38 3.40282e+38 3.40282e+38
3.40282e+38 3.40282e+38 3.40282e+38 3.40282e+38 3.40282e+38
===========
>>> Prediction Step
Predicted states = 
     0
     0
1.5708
     0
     0
Predicted variances = 
      0.005           0           0 3.40282e+38 3.40282e+38
          0       0.005           0 3.40282e+38 3.40282e+38
          0           0       0.005 3.40282e+38 3.40282e+38
3.40282e+38 3.40282e+38 3.40282e+38 3.40282e+38 3.40282e+38
3.40282e+38 3.40282e+38 3.40282e+38 3.40282e+38 3.40282e+38
>>> Correction Step
>>> States after this time step: 
     0
     0
1.5708
     0
     0
---
          0           0           0 3.40282e+38 3.40282e+38
          0           0           0 3.40282e+38 3.40282e+38
          0           0           0 3.40282e+38 3.40282e+38
3.40282e+38 3.40282e+38 3.40282e+38 3.40282e+38 3.40282e+38
3.40282e+38 3.40282e+38 3.40282e+38 3.40282e+38 3.40282e+38
===========
>>> Prediction Step
Predicted states = 
     0
     0
1.5708
     0
     0
Predicted variances = 
      0.005           0           0 3.40282e+38 3.40282e+38
          0       0.005           0 3.40282e+38 3.40282e+38
          0           0       0.005 3.40282e+38 3.40282e+38
3.40282e+38 3.40282e+38 3.40282e+38 3.40282e+38 3.40282e+38
3.40282e+38 3.40282e+38 3.40282e+38 3.40282e+38 3.40282e+38
>>> Correction Step
>>> States after this time step: 
     0
     0
1.5708
     0
     0
---
          0           0           0 3.40282e+38 3.40282e+38
          0           0           0 3.40282e+38 3.40282e+38
          0           0           0 3.40282e+38 3.40282e+38
3.40282e+38 3.40282e+38 3.40282e+38 3.40282e+38 3.40282e+38
3.40282e+38 3.40282e+38 3.40282e+38 3.40282e+38 3.40282e+38
===========
>>> Prediction Step
Predicted states = 
     0
     0
1.5708
     0
     0
Predicted variances = 
      0.005           0           0 3.40282e+38 3.40282e+38
          0       0.005           0 3.40282e+38 3.40282e+38
          0           0       0.005 3.40282e+38 3.40282e+38
3.40282e+38 3.40282e+38 3.40282e+38 3.40282e+38 3.40282e+38
3.40282e+38 3.40282e+38 3.40282e+38 3.40282e+38 3.40282e+38
>>> Correction Step
>>> States after this time step: 
     0
     0
1.5708
     0
     0
---
          0           0           0 3.40282e+38 3.40282e+38
          0           0           0 3.40282e+38 3.40282e+38
          0           0           0 3.40282e+38 3.40282e+38
3.40282e+38 3.40282e+38 3.40282e+38 3.40282e+38 3.40282e+38
3.40282e+38 3.40282e+38 3.40282e+38 3.40282e+38 3.40282e+38
===========
>>> Prediction Step
Predicted states = 
     0
     0
1.5708
     0
     0
Predicted variances = 
      0.005           0           0 3.40282e+38 3.40282e+38
          0       0.005           0 3.40282e+38 3.40282e+38
          0           0       0.005 3.40282e+38 3.40282e+38
3.40282e+38 3.40282e+38 3.40282e+38 3.40282e+38 3.40282e+38
3.40282e+38 3.40282e+38 3.40282e+38 3.40282e+38 3.40282e+38
>>> Correction Step
>>> States after this time step: 
     0
     0
1.5708
     0
     0
---
          0           0           0 3.40282e+38 3.40282e+38
          0           0           0 3.40282e+38 3.40282e+38
          0           0           0 3.40282e+38 3.40282e+38
3.40282e+38 3.40282e+38 3.40282e+38 3.40282e+38 3.40282e+38
3.40282e+38 3.40282e+38 3.40282e+38 3.40282e+38 3.40282e+38
===========
>>> Prediction Step
Predicted states = 
     0
     0
1.5708
     0
     0
Predicted variances = 
      0.005           0           0 3.40282e+38 3.40282e+38
          0       0.005           0 3.40282e+38 3.40282e+38
          0           0       0.005 3.40282e+38 3.40282e+38
3.40282e+38 3.40282e+38 3.40282e+38 3.40282e+38 3.40282e+38
3.40282e+38 3.40282e+38 3.40282e+38 3.40282e+38 3.40282e+38
>>> Correction Step
>>> States after this time step: 
     0
     0
1.5708
     0
     0
---
          0           0           0 3.40282e+38 3.40282e+38
          0           0           0 3.40282e+38 3.40282e+38
          0           0           0 3.40282e+38 3.40282e+38
3.40282e+38 3.40282e+38 3.40282e+38 3.40282e+38 3.40282e+38
3.40282e+38 3.40282e+38 3.40282e+38 3.40282e+38 3.40282e+38
===========
>>> Prediction Step
Predicted states = 
     0
     0
1.5708
     0
     0
Predicted variances = 
      0.005           0           0 3.40282e+38 3.40282e+38
          0       0.005           0 3.40282e+38 3.40282e+38
          0           0       0.005 3.40282e+38 3.40282e+38
3.40282e+38 3.40282e+38 3.40282e+38 3.40282e+38 3.40282e+38
3.40282e+38 3.40282e+38 3.40282e+38 3.40282e+38 3.40282e+38
>>> Correction Step
>>> States after this time step: 
     0
     0
1.5708
     0
     0
---
          0           0           0 3.40282e+38 3.40282e+38
          0           0           0 3.40282e+38 3.40282e+38
          0           0           0 3.40282e+38 3.40282e+38
3.40282e+38 3.40282e+38 3.40282e+38 3.40282e+38 3.40282e+38
3.40282e+38 3.40282e+38 3.40282e+38 3.40282e+38 3.40282e+38
===========
>>> Prediction Step
Predicted states = 
     0
     0
1.5708
     0
     0
Predicted variances = 
      0.005           0           0 3.40282e+38 3.40282e+38
          0       0.005           0 3.40282e+38 3.40282e+38
          0           0       0.005 3.40282e+38 3.40282e+38
3.40282e+38 3.40282e+38 3.40282e+38 3.40282e+38 3.40282e+38
3.40282e+38 3.40282e+38 3.40282e+38 3.40282e+38 3.40282e+38
>>> Correction Step
>>> States after this time step: 
     0
     0
1.5708
     0
     0
---
          0           0           0 3.40282e+38 3.40282e+38
          0           0           0 3.40282e+38 3.40282e+38
          0           0           0 3.40282e+38 3.40282e+38
3.40282e+38 3.40282e+38 3.40282e+38 3.40282e+38 3.40282e+38
3.40282e+38 3.40282e+38 3.40282e+38 3.40282e+38 3.40282e+38
===========
>>> Prediction Step
Predicted states = 
     0
     0
1.5708
     0
     0
Predicted variances = 
      0.005           0           0 3.40282e+38 3.40282e+38
          0       0.005           0 3.40282e+38 3.40282e+38
          0           0       0.005 3.40282e+38 3.40282e+38
3.40282e+38 3.40282e+38 3.40282e+38 3.40282e+38 3.40282e+38
3.40282e+38 3.40282e+38 3.40282e+38 3.40282e+38 3.40282e+38
>>> Correction Step
>>> States after this time step: 
     0
     0
1.5708
     0
     0
---
          0           0           0 3.40282e+38 3.40282e+38
          0           0           0 3.40282e+38 3.40282e+38
          0           0           0 3.40282e+38 3.40282e+38
3.40282e+38 3.40282e+38 3.40282e+38 3.40282e+38 3.40282e+38
3.40282e+38 3.40282e+38 3.40282e+38 3.40282e+38 3.40282e+38
===========
>>> Prediction Step
Predicted states = 
     0
     0
1.5708
     0
     0
Predicted variances = 
      0.005           0           0 3.40282e+38 3.40282e+38
          0       0.005           0 3.40282e+38 3.40282e+38
          0           0       0.005 3.40282e+38 3.40282e+38
3.40282e+38 3.40282e+38 3.40282e+38 3.40282e+38 3.40282e+38
3.40282e+38 3.40282e+38 3.40282e+38 3.40282e+38 3.40282e+38
>>> Correction Step
>>> States after this time step: 
     0
     0
1.5708
     0
     0
---
          0           0           0 3.40282e+38 3.40282e+38
          0           0           0 3.40282e+38 3.40282e+38
          0           0           0 3.40282e+38 3.40282e+38
3.40282e+38 3.40282e+38 3.40282e+38 3.40282e+38 3.40282e+38
3.40282e+38 3.40282e+38 3.40282e+38 3.40282e+38 3.40282e+38
===========
>>> Prediction Step
Predicted states = 
     0
     0
1.5708
     0
     0
Predicted variances = 
      0.005           0           0 3.40282e+38 3.40282e+38
          0       0.005           0 3.40282e+38 3.40282e+38
          0           0       0.005 3.40282e+38 3.40282e+38
3.40282e+38 3.40282e+38 3.40282e+38 3.40282e+38 3.40282e+38
3.40282e+38 3.40282e+38 3.40282e+38 3.40282e+38 3.40282e+38
>>> Correction Step
>>> States after this time step: 
     0
     0
1.5708
     0
     0
---
          0           0           0 3.40282e+38 3.40282e+38
          0           0           0 3.40282e+38 3.40282e+38
          0           0           0 3.40282e+38 3.40282e+38
3.40282e+38 3.40282e+38 3.40282e+38 3.40282e+38 3.40282e+38
3.40282e+38 3.40282e+38 3.40282e+38 3.40282e+38 3.40282e+38
===========
>>> Prediction Step
Predicted states = 
     0
     0
1.5708
     0
     0
Predicted variances = 
      0.005           0           0 3.40282e+38 3.40282e+38
          0       0.005           0 3.40282e+38 3.40282e+38
          0           0       0.005 3.40282e+38 3.40282e+38
3.40282e+38 3.40282e+38 3.40282e+38 3.40282e+38 3.40282e+38
3.40282e+38 3.40282e+38 3.40282e+38 3.40282e+38 3.40282e+38
>>> Correction Step
>>> States after this time step: 
     0
     0
1.5708
     0
     0
---
          0           0           0 3.40282e+38 3.40282e+38
          0           0           0 3.40282e+38 3.40282e+38
          0           0           0 3.40282e+38 3.40282e+38
3.40282e+38 3.40282e+38 3.40282e+38 3.40282e+38 3.40282e+38
3.40282e+38 3.40282e+38 3.40282e+38 3.40282e+38 3.40282e+38
===========
>>> Prediction Step
Predicted states = 
     0
     0
1.5708
     0
     0
Predicted variances = 
      0.005           0           0 3.40282e+38 3.40282e+38
          0       0.005           0 3.40282e+38 3.40282e+38
          0           0       0.005 3.40282e+38 3.40282e+38
3.40282e+38 3.40282e+38 3.40282e+38 3.40282e+38 3.40282e+38
3.40282e+38 3.40282e+38 3.40282e+38 3.40282e+38 3.40282e+38
>>> Correction Step
>>> States after this time step: 
     0
     0
1.5708
     0
     0
---
          0           0           0 3.40282e+38 3.40282e+38
          0           0           0 3.40282e+38 3.40282e+38
          0           0           0 3.40282e+38 3.40282e+38
3.40282e+38 3.40282e+38 3.40282e+38 3.40282e+38 3.40282e+38
3.40282e+38 3.40282e+38 3.40282e+38 3.40282e+38 3.40282e+38
===========
>>> Prediction Step
Predicted states = 
     0
     0
1.5708
     0
     0
Predicted variances = 
      0.005           0           0 3.40282e+38 3.40282e+38
          0       0.005           0 3.40282e+38 3.40282e+38
          0           0       0.005 3.40282e+38 3.40282e+38
3.40282e+38 3.40282e+38 3.40282e+38 3.40282e+38 3.40282e+38
3.40282e+38 3.40282e+38 3.40282e+38 3.40282e+38 3.40282e+38
>>> Correction Step
>>> States after this time step: 
     0
     0
1.5708
     0
     0
---
          0           0           0 3.40282e+38 3.40282e+38
          0           0           0 3.40282e+38 3.40282e+38
          0           0           0 3.40282e+38 3.40282e+38
3.40282e+38 3.40282e+38 3.40282e+38 3.40282e+38 3.40282e+38
3.40282e+38 3.40282e+38 3.40282e+38 3.40282e+38 3.40282e+38
===========
>>> Prediction Step
Predicted states = 
     0
     0
1.5708
     0
     0
Predicted variances = 
      0.005           0           0 3.40282e+38 3.40282e+38
          0       0.005           0 3.40282e+38 3.40282e+38
          0           0       0.005 3.40282e+38 3.40282e+38
3.40282e+38 3.40282e+38 3.40282e+38 3.40282e+38 3.40282e+38
3.40282e+38 3.40282e+38 3.40282e+38 3.40282e+38 3.40282e+38
>>> Correction Step
>>> States after this time step: 
     0
     0
1.5708
     0
     0
---
          0           0           0 3.40282e+38 3.40282e+38
          0           0           0 3.40282e+38 3.40282e+38
          0           0           0 3.40282e+38 3.40282e+38
3.40282e+38 3.40282e+38 3.40282e+38 3.40282e+38 3.40282e+38
3.40282e+38 3.40282e+38 3.40282e+38 3.40282e+38 3.40282e+38
===========
>>> Prediction Step
Predicted states = 
     0
     0
1.5708
     0
     0
Predicted variances = 
      0.005           0           0 3.40282e+38 3.40282e+38
          0       0.005           0 3.40282e+38 3.40282e+38
          0           0       0.005 3.40282e+38 3.40282e+38
3.40282e+38 3.40282e+38 3.40282e+38 3.40282e+38 3.40282e+38
3.40282e+38 3.40282e+38 3.40282e+38 3.40282e+38 3.40282e+38
>>> Correction Step
>>> States after this time step: 
     0
     0
1.5708
     0
     0
---
          0           0           0 3.40282e+38 3.40282e+38
          0           0           0 3.40282e+38 3.40282e+38
          0           0           0 3.40282e+38 3.40282e+38
3.40282e+38 3.40282e+38 3.40282e+38 3.40282e+38 3.40282e+38
3.40282e+38 3.40282e+38 3.40282e+38 3.40282e+38 3.40282e+38
===========
>>> Prediction Step
Predicted states = 
     0
     0
1.5708
     0
     0
Predicted variances = 
      0.005           0           0 3.40282e+38 3.40282e+38
          0       0.005           0 3.40282e+38 3.40282e+38
          0           0       0.005 3.40282e+38 3.40282e+38
3.40282e+38 3.40282e+38 3.40282e+38 3.40282e+38 3.40282e+38
3.40282e+38 3.40282e+38 3.40282e+38 3.40282e+38 3.40282e+38
>>> Correction Step
>>> States after this time step: 
     0
     0
1.5708
     0
     0
---
          0           0           0 3.40282e+38 3.40282e+38
          0           0           0 3.40282e+38 3.40282e+38
          0           0           0 3.40282e+38 3.40282e+38
3.40282e+38 3.40282e+38 3.40282e+38 3.40282e+38 3.40282e+38
3.40282e+38 3.40282e+38 3.40282e+38 3.40282e+38 3.40282e+38
===========
>>> Prediction Step
Predicted states = 
     0
     0
1.5708
     0
     0
Predicted variances = 
      0.005           0           0 3.40282e+38 3.40282e+38
          0       0.005           0 3.40282e+38 3.40282e+38
          0           0       0.005 3.40282e+38 3.40282e+38
3.40282e+38 3.40282e+38 3.40282e+38 3.40282e+38 3.40282e+38
3.40282e+38 3.40282e+38 3.40282e+38 3.40282e+38 3.40282e+38
>>> Correction Step
>>> States after this time step: 
     0
     0
1.5708
     0
     0
---
          0           0           0 3.40282e+38 3.40282e+38
          0           0           0 3.40282e+38 3.40282e+38
          0           0           0 3.40282e+38 3.40282e+38
3.40282e+38 3.40282e+38 3.40282e+38 3.40282e+38 3.40282e+38
3.40282e+38 3.40282e+38 3.40282e+38 3.40282e+38 3.40282e+38
===========
>>> Prediction Step
Predicted states = 
     0
     0
1.5708
     0
     0
Predicted variances = 
      0.005           0           0 3.40282e+38 3.40282e+38
          0       0.005           0 3.40282e+38 3.40282e+38
          0           0       0.005 3.40282e+38 3.40282e+38
3.40282e+38 3.40282e+38 3.40282e+38 3.40282e+38 3.40282e+38
3.40282e+38 3.40282e+38 3.40282e+38 3.40282e+38 3.40282e+38
>>> Correction Step
>>> States after this time step: 
     0
     0
1.5708
     0
     0
---
          0           0           0 3.40282e+38 3.40282e+38
          0           0           0 3.40282e+38 3.40282e+38
          0           0           0 3.40282e+38 3.40282e+38
3.40282e+38 3.40282e+38 3.40282e+38 3.40282e+38 3.40282e+38
3.40282e+38 3.40282e+38 3.40282e+38 3.40282e+38 3.40282e+38
===========
>>> Prediction Step
Predicted states = 
     0
     0
1.5708
     0
     0
Predicted variances = 
      0.005           0           0 3.40282e+38 3.40282e+38
          0       0.005           0 3.40282e+38 3.40282e+38
          0           0       0.005 3.40282e+38 3.40282e+38
3.40282e+38 3.40282e+38 3.40282e+38 3.40282e+38 3.40282e+38
3.40282e+38 3.40282e+38 3.40282e+38 3.40282e+38 3.40282e+38
>>> Correction Step
>>> States after this time step: 
     0
     0
1.5708
     0
     0
---
          0           0           0 3.40282e+38 3.40282e+38
          0           0           0 3.40282e+38 3.40282e+38
          0           0           0 3.40282e+38 3.40282e+38
3.40282e+38 3.40282e+38 3.40282e+38 3.40282e+38 3.40282e+38
3.40282e+38 3.40282e+38 3.40282e+38 3.40282e+38 3.40282e+38
===========
>>> Prediction Step
Predicted states = 
     0
     0
1.5708
     0
     0
Predicted variances = 
      0.005           0           0 3.40282e+38 3.40282e+38
          0       0.005           0 3.40282e+38 3.40282e+38
          0           0       0.005 3.40282e+38 3.40282e+38
3.40282e+38 3.40282e+38 3.40282e+38 3.40282e+38 3.40282e+38
3.40282e+38 3.40282e+38 3.40282e+38 3.40282e+38 3.40282e+38
>>> Correction Step
>>> States after this time step: 
     0
     0
1.5708
     0
     0
---
          0           0           0 3.40282e+38 3.40282e+38
          0           0           0 3.40282e+38 3.40282e+38
          0           0           0 3.40282e+38 3.40282e+38
3.40282e+38 3.40282e+38 3.40282e+38 3.40282e+38 3.40282e+38
3.40282e+38 3.40282e+38 3.40282e+38 3.40282e+38 3.40282e+38
===========
>>> Prediction Step
Predicted states = 
     0
     0
1.5708
     0
     0
Predicted variances = 
      0.005           0           0 3.40282e+38 3.40282e+38
          0       0.005           0 3.40282e+38 3.40282e+38
          0           0       0.005 3.40282e+38 3.40282e+38
3.40282e+38 3.40282e+38 3.40282e+38 3.40282e+38 3.40282e+38
3.40282e+38 3.40282e+38 3.40282e+38 3.40282e+38 3.40282e+38
>>> Correction Step
>>> States after this time step: 
     0
     0
1.5708
     0
     0
---
          0           0           0 3.40282e+38 3.40282e+38
          0           0           0 3.40282e+38 3.40282e+38
          0           0           0 3.40282e+38 3.40282e+38
3.40282e+38 3.40282e+38 3.40282e+38 3.40282e+38 3.40282e+38
3.40282e+38 3.40282e+38 3.40282e+38 3.40282e+38 3.40282e+38
===========
>>> Prediction Step
Predicted states = 
     0
     0
1.5708
     0
     0
Predicted variances = 
      0.005           0           0 3.40282e+38 3.40282e+38
          0       0.005           0 3.40282e+38 3.40282e+38
          0           0       0.005 3.40282e+38 3.40282e+38
3.40282e+38 3.40282e+38 3.40282e+38 3.40282e+38 3.40282e+38
3.40282e+38 3.40282e+38 3.40282e+38 3.40282e+38 3.40282e+38
>>> Correction Step
>>> States after this time step: 
     0
     0
1.5708
     0
     0
---
          0           0           0 3.40282e+38 3.40282e+38
          0           0           0 3.40282e+38 3.40282e+38
          0           0           0 3.40282e+38 3.40282e+38
3.40282e+38 3.40282e+38 3.40282e+38 3.40282e+38 3.40282e+38
3.40282e+38 3.40282e+38 3.40282e+38 3.40282e+38 3.40282e+38
===========
>>> Prediction Step
Predicted states = 
     0
     0
1.5708
     0
     0
Predicted variances = 
      0.005           0           0 3.40282e+38 3.40282e+38
          0       0.005           0 3.40282e+38 3.40282e+38
          0           0       0.005 3.40282e+38 3.40282e+38
3.40282e+38 3.40282e+38 3.40282e+38 3.40282e+38 3.40282e+38
3.40282e+38 3.40282e+38 3.40282e+38 3.40282e+38 3.40282e+38
>>> Correction Step
>>> States after this time step: 
     0
     0
1.5708
     0
     0
---
          0           0           0 3.40282e+38 3.40282e+38
          0           0           0 3.40282e+38 3.40282e+38
          0           0           0 3.40282e+38 3.40282e+38
3.40282e+38 3.40282e+38 3.40282e+38 3.40282e+38 3.40282e+38
3.40282e+38 3.40282e+38 3.40282e+38 3.40282e+38 3.40282e+38
===========
>>> Prediction Step
Predicted states = 
     0
     0
1.5708
     0
     0
Predicted variances = 
      0.005           0           0 3.40282e+38 3.40282e+38
          0       0.005           0 3.40282e+38 3.40282e+38
          0           0       0.005 3.40282e+38 3.40282e+38
3.40282e+38 3.40282e+38 3.40282e+38 3.40282e+38 3.40282e+38
3.40282e+38 3.40282e+38 3.40282e+38 3.40282e+38 3.40282e+38
>>> Correction Step
>>> States after this time step: 
     0
     0
1.5708
     0
     0
---
          0           0           0 3.40282e+38 3.40282e+38
          0           0           0 3.40282e+38 3.40282e+38
          0           0           0 3.40282e+38 3.40282e+38
3.40282e+38 3.40282e+38 3.40282e+38 3.40282e+38 3.40282e+38
3.40282e+38 3.40282e+38 3.40282e+38 3.40282e+38 3.40282e+38
===========
>>> Prediction Step
Predicted states = 
     0
     0
1.5708
     0
     0
Predicted variances = 
      0.005           0           0 3.40282e+38 3.40282e+38
          0       0.005           0 3.40282e+38 3.40282e+38
          0           0       0.005 3.40282e+38 3.40282e+38
3.40282e+38 3.40282e+38 3.40282e+38 3.40282e+38 3.40282e+38
3.40282e+38 3.40282e+38 3.40282e+38 3.40282e+38 3.40282e+38
>>> Correction Step
>>> States after this time step: 
     0
     0
1.5708
     0
     0
---
          0           0           0 3.40282e+38 3.40282e+38
          0           0           0 3.40282e+38 3.40282e+38
          0           0           0 3.40282e+38 3.40282e+38
3.40282e+38 3.40282e+38 3.40282e+38 3.40282e+38 3.40282e+38
3.40282e+38 3.40282e+38 3.40282e+38 3.40282e+38 3.40282e+38
===========
>>> Prediction Step
Predicted states = 
     0
     0
1.5708
     0
     0
Predicted variances = 
      0.005           0           0 3.40282e+38 3.40282e+38
          0       0.005           0 3.40282e+38 3.40282e+38
          0           0       0.005 3.40282e+38 3.40282e+38
3.40282e+38 3.40282e+38 3.40282e+38 3.40282e+38 3.40282e+38
3.40282e+38 3.40282e+38 3.40282e+38 3.40282e+38 3.40282e+38
>>> Correction Step
>>> States after this time step: 
     0
     0
1.5708
     0
     0
---
          0           0           0 3.40282e+38 3.40282e+38
          0           0           0 3.40282e+38 3.40282e+38
          0           0           0 3.40282e+38 3.40282e+38
3.40282e+38 3.40282e+38 3.40282e+38 3.40282e+38 3.40282e+38
3.40282e+38 3.40282e+38 3.40282e+38 3.40282e+38 3.40282e+38
===========
>>> Prediction Step
Predicted states = 
     0
     0
1.5708
     0
     0
Predicted variances = 
      0.005           0           0 3.40282e+38 3.40282e+38
          0       0.005           0 3.40282e+38 3.40282e+38
          0           0       0.005 3.40282e+38 3.40282e+38
3.40282e+38 3.40282e+38 3.40282e+38 3.40282e+38 3.40282e+38
3.40282e+38 3.40282e+38 3.40282e+38 3.40282e+38 3.40282e+38
>>> Correction Step
Predicted states before correction step = 
     0
     0
1.5708
     0
     0
Predicted variances before correction step = 
      0.005           0           0 3.40282e+38 3.40282e+38
          0       0.005           0 3.40282e+38 3.40282e+38
          0           0       0.005 3.40282e+38 3.40282e+38
3.40282e+38 3.40282e+38 3.40282e+38 3.40282e+38 3.40282e+38
3.40282e+38 3.40282e+38 3.40282e+38 3.40282e+38 3.40282e+38
stateIdx = 3
ONE TIME STATES
        0
        0
   1.5708
-0.495039
  2.05604
delx, dely and q = 
-0.495039
2.05604
4.47237
z and zHat = 
  2.1148
0.236276
  2.1148
0.236276
Fxj = 
1 0 0 0 0
0 1 0 0 0
0 0 1 0 0
0 0 0 1 0
0 0 0 0 1
HFxj = 
 0.234084 -0.972216         0 -0.234084  0.972216
 0.459721  0.110688 -0.223595 -0.459721 -0.110688
tmp Det
-3.15408e+75
tmpInv
7.58281e-39 2.76183e-38
2.76183e-38 5.87808e-38
K = 
-3.45613 -4.47237
-3.45613 -4.47237
-3.45613 -4.47237
-2.10136 -4.47237
-2.10136 -4.47237
Corrected states and variances
        0
        0
   1.5708
-0.495039
  2.05604
6.04463e+23 6.04463e+23 6.04463e+23 3.02231e+23 3.02231e+23
6.04463e+23 6.04463e+23 6.04463e+23 3.02231e+23 3.02231e+23
6.04463e+23 6.04463e+23 6.04463e+23 3.02231e+23 3.02231e+23
3.02231e+23 3.02231e+23 3.02231e+23 1.51116e+23 1.51116e+23
3.02231e+23 3.02231e+23 3.02231e+23 1.51116e+23 1.51116e+23
>>> States after this time step: 
        0
        0
   1.5708
-0.495039
  2.05604
---
6.04463e+23 6.04463e+23 6.04463e+23 3.02231e+23 3.02231e+23
6.04463e+23 6.04463e+23 6.04463e+23 3.02231e+23 3.02231e+23
6.04463e+23 6.04463e+23 6.04463e+23 3.02231e+23 3.02231e+23
3.02231e+23 3.02231e+23 3.02231e+23 1.51116e+23 1.51116e+23
3.02231e+23 3.02231e+23 3.02231e+23 1.51116e+23 1.51116e+23
===========
>>> Prediction Step
Predicted states = 
        0
        0
   1.5708
-0.495039
  2.05604
Predicted variances = 
6.04463e+23 6.04463e+23 6.04463e+23 3.02231e+23 3.02231e+23
6.04463e+23 6.04463e+23 6.04463e+23 3.02231e+23 3.02231e+23
6.04463e+23 6.04463e+23 6.04463e+23 3.02231e+23 3.02231e+23
3.02231e+23 3.02231e+23 3.02231e+23 1.51116e+23 1.51116e+23
3.02231e+23 3.02231e+23 3.02231e+23 1.51116e+23 1.51116e+23
>>> Correction Step
>>> States after this time step: 
        0
        0
   1.5708
-0.495039
  2.05604
---
6.04463e+23 6.04463e+23 6.04463e+23 3.02231e+23 3.02231e+23
6.04463e+23 6.04463e+23 6.04463e+23 3.02231e+23 3.02231e+23
6.04463e+23 6.04463e+23 6.04463e+23 3.02231e+23 3.02231e+23
3.02231e+23 3.02231e+23 3.02231e+23 1.51116e+23 1.51116e+23
3.02231e+23 3.02231e+23 3.02231e+23 1.51116e+23 1.51116e+23
===========
>>> Prediction Step
Predicted states = 
        0
        0
   1.5708
-0.495039
  2.05604
Predicted variances = 
6.04463e+23 6.04463e+23 6.04463e+23 3.02231e+23 3.02231e+23
6.04463e+23 6.04463e+23 6.04463e+23 3.02231e+23 3.02231e+23
6.04463e+23 6.04463e+23 6.04463e+23 3.02231e+23 3.02231e+23
3.02231e+23 3.02231e+23 3.02231e+23 1.51116e+23 1.51116e+23
3.02231e+23 3.02231e+23 3.02231e+23 1.51116e+23 1.51116e+23
>>> Correction Step
>>> States after this time step: 
        0
        0
   1.5708
-0.495039
  2.05604
---
6.04463e+23 6.04463e+23 6.04463e+23 3.02231e+23 3.02231e+23
6.04463e+23 6.04463e+23 6.04463e+23 3.02231e+23 3.02231e+23
6.04463e+23 6.04463e+23 6.04463e+23 3.02231e+23 3.02231e+23
3.02231e+23 3.02231e+23 3.02231e+23 1.51116e+23 1.51116e+23
3.02231e+23 3.02231e+23 3.02231e+23 1.51116e+23 1.51116e+23
===========
>>> Prediction Step
Predicted states = 
        0
        0
   1.5708
-0.495039
  2.05604
Predicted variances = 
6.04463e+23 6.04463e+23 6.04463e+23 3.02231e+23 3.02231e+23
6.04463e+23 6.04463e+23 6.04463e+23 3.02231e+23 3.02231e+23
6.04463e+23 6.04463e+23 6.04463e+23 3.02231e+23 3.02231e+23
3.02231e+23 3.02231e+23 3.02231e+23 1.51116e+23 1.51116e+23
3.02231e+23 3.02231e+23 3.02231e+23 1.51116e+23 1.51116e+23
>>> Correction Step
>>> States after this time step: 
        0
        0
   1.5708
-0.495039
  2.05604
---
6.04463e+23 6.04463e+23 6.04463e+23 3.02231e+23 3.02231e+23
6.04463e+23 6.04463e+23 6.04463e+23 3.02231e+23 3.02231e+23
6.04463e+23 6.04463e+23 6.04463e+23 3.02231e+23 3.02231e+23
3.02231e+23 3.02231e+23 3.02231e+23 1.51116e+23 1.51116e+23
3.02231e+23 3.02231e+23 3.02231e+23 1.51116e+23 1.51116e+23
===========
>>> Prediction Step
Predicted states = 
        0
        0
   1.5708
-0.495039
  2.05604
Predicted variances = 
6.04463e+23 6.04463e+23 6.04463e+23 3.02231e+23 3.02231e+23
6.04463e+23 6.04463e+23 6.04463e+23 3.02231e+23 3.02231e+23
6.04463e+23 6.04463e+23 6.04463e+23 3.02231e+23 3.02231e+23
3.02231e+23 3.02231e+23 3.02231e+23 1.51116e+23 1.51116e+23
3.02231e+23 3.02231e+23 3.02231e+23 1.51116e+23 1.51116e+23
>>> Correction Step
>>> Actual Position (Gazebo frame)
GazebOdomX, GazebOdomY: -5.07867e-06, 3.4781e-07
>>> States after this time step: 
        0
        0
   1.5708
-0.495039
  2.05604
---
6.04463e+23 6.04463e+23 6.04463e+23 3.02231e+23 3.02231e+23
6.04463e+23 6.04463e+23 6.04463e+23 3.02231e+23 3.02231e+23
6.04463e+23 6.04463e+23 6.04463e+23 3.02231e+23 3.02231e+23
3.02231e+23 3.02231e+23 3.02231e+23 1.51116e+23 1.51116e+23
3.02231e+23 3.02231e+23 3.02231e+23 1.51116e+23 1.51116e+23
===========
>>> Prediction Step
Predicted states = 
        0
        0
   1.5708
-0.495039
  2.05604
Predicted variances = 
6.04463e+23 6.04463e+23 6.04463e+23 3.02231e+23 3.02231e+23
6.04463e+23 6.04463e+23 6.04463e+23 3.02231e+23 3.02231e+23
6.04463e+23 6.04463e+23 6.04463e+23 3.02231e+23 3.02231e+23
3.02231e+23 3.02231e+23 3.02231e+23 1.51116e+23 1.51116e+23
3.02231e+23 3.02231e+23 3.02231e+23 1.51116e+23 1.51116e+23
>>> Correction Step
>>> States after this time step: 
        0
        0
   1.5708
-0.495039
  2.05604
---
6.04463e+23 6.04463e+23 6.04463e+23 3.02231e+23 3.02231e+23
6.04463e+23 6.04463e+23 6.04463e+23 3.02231e+23 3.02231e+23
6.04463e+23 6.04463e+23 6.04463e+23 3.02231e+23 3.02231e+23
3.02231e+23 3.02231e+23 3.02231e+23 1.51116e+23 1.51116e+23
3.02231e+23 3.02231e+23 3.02231e+23 1.51116e+23 1.51116e+23
===========
>>> Prediction Step
Predicted states = 
        0
        0
   1.5708
-0.495039
  2.05604
Predicted variances = 
6.04463e+23 6.04463e+23 6.04463e+23 3.02231e+23 3.02231e+23
6.04463e+23 6.04463e+23 6.04463e+23 3.02231e+23 3.02231e+23
6.04463e+23 6.04463e+23 6.04463e+23 3.02231e+23 3.02231e+23
3.02231e+23 3.02231e+23 3.02231e+23 1.51116e+23 1.51116e+23
3.02231e+23 3.02231e+23 3.02231e+23 1.51116e+23 1.51116e+23
>>> Correction Step
>>> States after this time step: 
        0
        0
   1.5708
-0.495039
  2.05604
---
6.04463e+23 6.04463e+23 6.04463e+23 3.02231e+23 3.02231e+23
6.04463e+23 6.04463e+23 6.04463e+23 3.02231e+23 3.02231e+23
6.04463e+23 6.04463e+23 6.04463e+23 3.02231e+23 3.02231e+23
3.02231e+23 3.02231e+23 3.02231e+23 1.51116e+23 1.51116e+23
3.02231e+23 3.02231e+23 3.02231e+23 1.51116e+23 1.51116e+23
===========
>>> Prediction Step
Predicted states = 
        0
        0
   1.5708
-0.495039
  2.05604
Predicted variances = 
6.04463e+23 6.04463e+23 6.04463e+23 3.02231e+23 3.02231e+23
6.04463e+23 6.04463e+23 6.04463e+23 3.02231e+23 3.02231e+23
6.04463e+23 6.04463e+23 6.04463e+23 3.02231e+23 3.02231e+23
3.02231e+23 3.02231e+23 3.02231e+23 1.51116e+23 1.51116e+23
3.02231e+23 3.02231e+23 3.02231e+23 1.51116e+23 1.51116e+23
>>> Correction Step
>>> Actual Position (Gazebo frame)
GazebOdomX, GazebOdomY: -5.0717e-06, 3.66995e-07
>>> States after this time step: 
        0
        0
   1.5708
-0.495039
  2.05604
---
6.04463e+23 6.04463e+23 6.04463e+23 3.02231e+23 3.02231e+23
6.04463e+23 6.04463e+23 6.04463e+23 3.02231e+23 3.02231e+23
6.04463e+23 6.04463e+23 6.04463e+23 3.02231e+23 3.02231e+23
3.02231e+23 3.02231e+23 3.02231e+23 1.51116e+23 1.51116e+23
3.02231e+23 3.02231e+23 3.02231e+23 1.51116e+23 1.51116e+23
===========
>>> Prediction Step
Predicted states = 
        0
        0
   1.5708
-0.495039
  2.05604
Predicted variances = 
6.04463e+23 6.04463e+23 6.04463e+23 3.02231e+23 3.02231e+23
6.04463e+23 6.04463e+23 6.04463e+23 3.02231e+23 3.02231e+23
6.04463e+23 6.04463e+23 6.04463e+23 3.02231e+23 3.02231e+23
3.02231e+23 3.02231e+23 3.02231e+23 1.51116e+23 1.51116e+23
3.02231e+23 3.02231e+23 3.02231e+23 1.51116e+23 1.51116e+23
>>> Correction Step
>>> States after this time step: 
        0
        0
   1.5708
-0.495039
  2.05604
---
6.04463e+23 6.04463e+23 6.04463e+23 3.02231e+23 3.02231e+23
6.04463e+23 6.04463e+23 6.04463e+23 3.02231e+23 3.02231e+23
6.04463e+23 6.04463e+23 6.04463e+23 3.02231e+23 3.02231e+23
3.02231e+23 3.02231e+23 3.02231e+23 1.51116e+23 1.51116e+23
3.02231e+23 3.02231e+23 3.02231e+23 1.51116e+23 1.51116e+23
===========
>>> Prediction Step
Predicted states = 
        0
        0
   1.5708
-0.495039
  2.05604
Predicted variances = 
6.04463e+23 6.04463e+23 6.04463e+23 3.02231e+23 3.02231e+23
6.04463e+23 6.04463e+23 6.04463e+23 3.02231e+23 3.02231e+23
6.04463e+23 6.04463e+23 6.04463e+23 3.02231e+23 3.02231e+23
3.02231e+23 3.02231e+23 3.02231e+23 1.51116e+23 1.51116e+23
3.02231e+23 3.02231e+23 3.02231e+23 1.51116e+23 1.51116e+23
>>> Correction Step
>>> States after this time step: 
        0
        0
   1.5708
-0.495039
  2.05604
---
6.04463e+23 6.04463e+23 6.04463e+23 3.02231e+23 3.02231e+23
6.04463e+23 6.04463e+23 6.04463e+23 3.02231e+23 3.02231e+23
6.04463e+23 6.04463e+23 6.04463e+23 3.02231e+23 3.02231e+23
3.02231e+23 3.02231e+23 3.02231e+23 1.51116e+23 1.51116e+23
3.02231e+23 3.02231e+23 3.02231e+23 1.51116e+23 1.51116e+23
===========
>>> Prediction Step
Predicted states = 
        0
        0
   1.5708
-0.495039
  2.05604
Predicted variances = 
6.04463e+23 6.04463e+23 6.04463e+23 3.02231e+23 3.02231e+23
6.04463e+23 6.04463e+23 6.04463e+23 3.02231e+23 3.02231e+23
6.04463e+23 6.04463e+23 6.04463e+23 3.02231e+23 3.02231e+23
